iter	Passed	Remaining
0	1	7479
1	2	6826
2	3	5891
3	4	5564
4	5	5323
5	6	5444
6	7	5550
7	8	5604
8	10	5648
9	11	5692
10	12	5705
11	13	5607
12	14	5624
13	15	5649
14	17	5670
15	18	5697
16	19	5712
17	20	5680
18	21	5692
19	22	5654
20	23	5592
21	24	5615
22	25	5600
23	26	5585
24	27	5523
25	29	5562
26	29	5523
27	31	5577
28	32	5605
29	34	5672
30	35	5665
31	36	5634
32	37	5650
33	38	5679
34	40	5698
35	41	5707
36	42	5724
37	44	5751
38	44	5723
39	46	5754
40	47	5780
41	49	5800
42	50	5824
43	51	5841
44	53	5857
45	54	5882
46	55	5896
47	57	5890
48	58	5872
49	59	5883
50	60	5892
51	62	5967
52	64	5989
53	65	5998
54	66	5996
55	67	5967
56	68	5961
57	69	5931
58	70	5931
59	71	5909
60	72	5907
61	74	5903
62	75	5902
63	76	5888
64	77	5899
65	78	5903
66	80	5906
67	81	5906
68	82	5908
69	83	5888
70	84	5871
71	85	5850
72	86	5823
73	87	5824
74	88	5825
75	89	5823
76	91	5823
77	92	5824
78	93	5846
79	95	5849
80	96	5859
81	97	5862
82	98	5861
83	100	5866
84	101	5861
85	102	5858
86	103	5838
87	104	5838
88	105	5835
89	106	5834
90	108	5833
91	109	5835
92	110	5835
93	111	5834
94	112	5815
95	113	5816
96	115	5815
97	116	5813
98	117	5803
99	118	5801
100	119	5798
101	120	5793
102	121	5789
103	123	5796
104	124	5795
105	125	5806
106	126	5807
107	128	5803
108	129	5793
109	130	5794
110	131	5794
111	132	5789
112	133	5786
113	134	5784
114	136	5781
115	137	5778
116	138	5780
117	139	5778
118	140	5781
119	142	5781
120	143	5777
121	143	5757
122	145	5754
123	146	5749
124	147	5745
125	148	5739
126	149	5737
127	150	5736
128	151	5734
129	153	5733
130	154	5733
131	155	5732
132	156	5732
133	158	5738
134	159	5737
135	160	5735
136	161	5718
137	161	5705
138	163	5705
139	164	5705
140	165	5703
141	166	5701
142	167	5700
143	168	5693
144	169	5683
145	170	5672
146	171	5672
147	173	5675
148	174	5678
149	175	5677
150	176	5679
151	177	5673
152	179	5670
153	180	5668
154	181	5668
155	182	5675
156	183	5675
157	184	5665
158	186	5666
159	187	5660
160	188	5661
161	189	5664
162	191	5667
163	191	5661
164	193	5664
165	194	5657
166	195	5651
167	196	5638
168	196	5628
169	198	5635
170	199	5634
171	200	5640
172	202	5641
173	203	5638
174	204	5639
175	205	5645
176	207	5650
177	208	5652
178	209	5645
179	210	5644
180	211	5638
181	212	5632
182	213	5622
183	214	5622
184	215	5620
185	216	5609
186	217	5609
187	219	5608
188	220	5608
189	221	5609
190	222	5609
191	223	5607
192	225	5605
193	225	5597
194	227	5595
195	228	5592
196	229	5590
197	230	5590
198	231	5589
199	232	5587
200	233	5586
201	234	5575
202	235	5574
203	237	5578
204	238	5579
205	239	5577
206	240	5577
207	241	5570
208	242	5557
209	243	5551
210	244	5541
211	245	5541
212	246	5537
213	247	5527
214	247	5519
215	249	5518
216	250	5517
217	251	5509
218	252	5517
219	253	5517
220	255	5515
221	256	5515
222	257	5515
223	258	5515
224	259	5515
225	261	5514
226	261	5507
227	263	5506
228	263	5494
229	264	5493
230	266	5492
231	267	5487
232	268	5486
233	268	5478
234	269	5471
235	271	5471
236	272	5473
237	273	5471
238	274	5470
239	275	5459
240	276	5458
241	277	5457
242	278	5446
243	279	5442
244	280	5441
245	281	5441
246	282	5441
247	283	5439
248	285	5443
249	286	5444
250	287	5443
251	288	5442
252	290	5442
253	291	5441
254	292	5440
255	293	5440
256	294	5440
257	295	5439
258	297	5437
259	297	5427
260	298	5426
261	300	5425
262	301	5428
263	302	5426
264	303	5418
265	304	5418
266	305	5418
267	306	5417
268	307	5412
269	308	5410
270	310	5410
271	311	5410
272	312	5409
273	313	5408
274	314	5408
275	316	5408
276	317	5410
277	318	5410
278	319	5403
279	320	5399
280	321	5398
281	322	5397
282	323	5397
283	325	5397
284	326	5395
285	327	5394
286	328	5393
287	329	5393
288	330	5389
289	331	5390
290	333	5396
291	334	5396
292	335	5395
293	336	5389
294	337	5388
295	338	5386
296	340	5385
297	341	5384
298	342	5384
299	343	5378
300	344	5376
301	345	5376
302	346	5375
303	348	5377
304	349	5379
305	350	5378
306	351	5373
307	352	5372
308	353	5371
309	354	5369
310	356	5368
311	357	5367
312	358	5366
313	359	5366
314	360	5365
315	361	5363
316	363	5362
317	364	5365
318	365	5365
319	366	5365
320	368	5364
321	369	5363
322	370	5362
323	371	5361
324	372	5360
325	373	5360
326	375	5360
327	376	5360
328	377	5359
329	378	5358
330	379	5357
331	381	5359
332	382	5359
333	383	5360
334	384	5359
335	386	5358
336	387	5356
337	388	5355
338	389	5354
339	390	5354
340	391	5353
341	393	5353
342	394	5352
343	395	5355
344	396	5355
345	398	5353
346	399	5352
347	400	5351
348	401	5350
349	402	5349
350	403	5348
351	404	5346
352	406	5346
353	407	5344
354	408	5343
355	409	5342
356	410	5341
357	411	5342
358	413	5343
359	414	5342
360	415	5341
361	416	5340
362	417	5339
363	419	5336
364	420	5335
365	421	5335
366	422	5334
367	423	5333
368	424	5332
369	426	5331
370	427	5330
371	428	5331
372	429	5330
373	430	5329
374	432	5328
375	433	5327
376	434	5326
377	435	5324
378	436	5324
379	437	5323
380	439	5322
381	440	5321
382	441	5320
383	442	5320
384	443	5320
385	445	5321
386	446	5319
387	447	5318
388	448	5317
389	449	5316
390	450	5315
391	452	5318
392	453	5320
393	455	5319
394	456	5319
395	457	5318
396	458	5318
397	460	5319
398	461	5321
399	462	5322
400	464	5321
401	465	5320
402	466	5319
403	467	5319
404	468	5318
405	469	5317
406	471	5316
407	472	5314
408	473	5314
409	474	5313
410	476	5317
411	477	5317
412	478	5318
413	480	5318
414	481	5316
415	482	5316
416	483	5315
417	484	5313
418	485	5312
419	487	5311
420	488	5310
421	489	5309
422	490	5307
423	491	5308
424	493	5308
425	494	5308
426	495	5307
427	496	5305
428	497	5304
429	498	5302
430	500	5302
431	501	5300
432	502	5300
433	503	5298
434	504	5297
435	505	5296
436	507	5295
437	508	5296
438	509	5295
439	510	5294
440	512	5294
441	513	5294
442	514	5293
443	515	5291
444	516	5290
445	518	5289
446	519	5288
447	520	5287
448	521	5286
449	522	5284
450	524	5286
451	525	5285
452	526	5285
453	527	5284
454	528	5283
455	530	5281
456	531	5281
457	532	5280
458	533	5279
459	534	5277
460	535	5276
461	537	5275
462	538	5274
463	539	5274
464	540	5275
465	542	5276
466	543	5275
467	544	5274
468	545	5274
469	547	5274
470	548	5274
471	549	5273
472	550	5271
473	551	5270
474	553	5269
475	554	5268
476	555	5271
477	557	5270
478	558	5270
479	559	5267
480	560	5266
481	561	5265
482	562	5263
483	564	5262
484	565	5261
485	566	5260
486	567	5258
487	568	5257
488	569	5256
489	570	5254
490	572	5257
491	573	5258
492	575	5258
493	576	5256
494	577	5255
495	578	5254
496	579	5252
497	580	5251
498	582	5250
499	583	5249
500	584	5247
501	585	5246
502	586	5245
503	588	5246
504	589	5246
505	590	5245
506	591	5244
507	592	5243
508	594	5241
509	595	5240
510	596	5238
511	597	5237
512	598	5237
513	599	5236
514	601	5235
515	602	5233
516	603	5233
517	604	5233
518	606	5232
519	607	5231
520	608	5231
521	609	5230
522	610	5229
523	612	5227
524	613	5227
525	614	5226
526	615	5225
527	616	5223
528	617	5222
529	619	5222
530	620	5223
531	621	5222
532	622	5221
533	624	5219
534	625	5218
535	626	5216
536	627	5215
537	628	5213
538	629	5211
539	630	5210
540	632	5210
541	633	5210
542	634	5210
543	636	5211
544	637	5210
545	638	5209
546	639	5208
547	640	5207
548	642	5205
549	643	5203
550	644	5203
551	645	5202
552	646	5201
553	647	5200
554	649	5199
555	650	5197
556	651	5197
557	652	5196
558	653	5195
559	655	5194
560	656	5193
561	657	5192
562	658	5190
563	659	5189
564	660	5187
565	662	5187
566	663	5186
567	664	5187
568	665	5186
569	667	5188
570	669	5189
571	670	5189
572	671	5188
573	672	5187
574	673	5185
575	675	5184
576	676	5183
577	677	5183
578	678	5181
579	679	5180
580	680	5179
581	682	5178
582	683	5179
583	684	5178
584	685	5177
585	687	5175
586	688	5175
587	689	5173
588	690	5171
589	691	5170
590	692	5168
591	694	5167
592	695	5166
593	696	5164
594	697	5163
595	698	5162
596	699	5162
597	701	5161
598	702	5159
599	703	5157
600	704	5156
601	705	5155
602	706	5153
603	707	5152
604	709	5151
605	710	5149
606	711	5148
607	712	5147
608	713	5146
609	714	5145
610	716	5144
611	717	5143
612	718	5141
613	719	5140
614	720	5139
615	722	5139
616	723	5138
617	724	5136
618	725	5135
619	726	5133
620	727	5132
621	729	5131
622	730	5130
623	731	5128
624	732	5127
625	733	5125
626	734	5124
627	735	5122
628	736	5121
629	738	5120
630	739	5119
631	740	5117
632	741	5116
633	742	5115
634	744	5114
635	745	5113
636	746	5111
637	747	5110
638	748	5108
639	749	5107
640	750	5105
641	752	5105
642	753	5103
643	754	5102
644	755	5101
645	756	5100
646	758	5099
647	759	5099
648	760	5100
649	762	5099
650	763	5099
651	764	5098
652	765	5097
653	766	5096
654	768	5094
655	769	5093
656	770	5092
657	771	5092
658	772	5091
659	774	5089
660	775	5088
661	776	5090
662	778	5089
663	779	5088
664	780	5086
665	781	5085
666	782	5084
667	783	5082
668	784	5081
669	786	5079
670	787	5078
671	788	5077
672	789	5076
673	790	5075
674	792	5076
675	793	5075
676	794	5073
677	795	5072
678	796	5071
679	798	5069
680	799	5068
681	800	5067
682	801	5066
683	802	5065
684	803	5063
685	805	5063
686	806	5061
687	807	5060
688	808	5059
689	809	5058
690	810	5057
691	812	5056
692	813	5054
693	814	5053
694	815	5052
695	816	5051
696	817	5049
697	819	5048
698	820	5046
699	821	5045
700	822	5044
701	823	5043
702	825	5042
703	826	5041
704	827	5039
705	828	5038
706	829	5037
707	830	5035
708	831	5034
709	832	5032
710	834	5031
711	835	5030
712	836	5028
713	837	5028
714	839	5029
715	840	5029
716	841	5028
717	842	5027
718	844	5026
719	845	5025
720	846	5024
721	847	5023
722	848	5022
723	850	5021
724	851	5020
725	852	5019
726	853	5018
727	855	5018
728	856	5018
729	857	5017
730	859	5016
731	860	5016
732	861	5014
733	862	5013
734	863	5011
735	864	5010
736	866	5010
737	867	5009
738	868	5007
739	869	5006
740	870	5005
741	872	5005
742	873	5004
743	874	5002
744	875	5001
745	876	5000
746	878	4999
747	879	4998
748	880	4997
749	881	4996
750	882	4995
751	884	4994
752	885	4993
753	886	4991
754	887	4991
755	889	4990
756	890	4989
757	891	4988
758	892	4986
759	893	4985
760	894	4984
761	895	4982
762	897	4981
763	898	4980
764	899	4979
765	900	4978
766	901	4977
767	902	4975
768	904	4974
769	905	4973
770	906	4973
771	907	4972
772	909	4971
773	910	4969
774	911	4968
775	912	4967
776	913	4966
777	914	4964
778	916	4963
779	917	4962
780	918	4961
781	919	4960
782	920	4960
783	922	4958
784	923	4957
785	924	4955
786	925	4954
787	926	4953
788	927	4952
789	928	4950
790	930	4949
791	931	4948
792	932	4947
793	933	4946
794	935	4945
795	936	4945
796	937	4944
797	938	4943
798	939	4942
799	941	4940
800	942	4939
801	943	4938
802	944	4936
803	945	4935
804	946	4933
805	947	4932
806	949	4930
807	950	4929
808	951	4928
809	952	4928
810	954	4927
811	955	4926
812	956	4925
813	957	4924
814	958	4922
815	959	4921
816	960	4919
817	962	4918
818	963	4917
819	964	4916
820	965	4915
821	966	4913
822	968	4913
823	969	4912
824	970	4911
825	971	4910
826	973	4909
827	974	4908
828	975	4907
829	976	4905
830	977	4904
831	978	4903
832	979	4901
833	981	4900
834	982	4899
835	983	4898
836	984	4897
837	985	4896
838	987	4896
839	988	4895
840	989	4894
841	990	4892
842	991	4891
843	993	4889
844	994	4888
845	995	4886
846	996	4885
847	997	4884
848	998	4883
849	1000	4883
850	1001	4882
851	1002	4881
852	1003	4879
853	1004	4878
854	1005	4876
855	1007	4875
856	1008	4874
857	1009	4872
858	1010	4871
859	1011	4870
860	1012	4869
861	1014	4868
862	1015	4869
863	1017	4868
864	1018	4868
865	1019	4867
866	1021	4867
867	1022	4867
868	1023	4866
869	1025	4865
870	1026	4865
871	1027	4864
872	1028	4863
873	1030	4862
874	1031	4863
875	1032	4862
876	1034	4861
877	1035	4860
878	1036	4860
879	1037	4859
880	1039	4858
881	1040	4858
882	1041	4857
883	1042	4856
884	1044	4855
885	1045	4854
886	1046	4854
887	1048	4854
888	1049	4853
889	1050	4853
890	1052	4852
891	1053	4852
892	1054	4851
893	1056	4851
894	1057	4850
895	1058	4849
896	1059	4848
897	1061	4847
898	1062	4846
899	1063	4846
900	1064	4845
901	1066	4844
902	1067	4842
903	1068	4841
904	1069	4841
905	1071	4839
906	1072	4838
907	1073	4836
908	1074	4835
909	1075	4834
910	1076	4832
911	1077	4831
912	1079	4830
913	1080	4829
914	1081	4828
915	1082	4827
916	1083	4826
917	1084	4824
918	1086	4824
919	1087	4823
920	1088	4822
921	1090	4821
922	1091	4820
923	1092	4819
924	1093	4818
925	1095	4817
926	1096	4817
927	1097	4816
928	1098	4815
929	1100	4814
930	1101	4813
931	1102	4811
932	1103	4810
933	1104	4809
934	1105	4807
935	1106	4806
936	1108	4804
937	1109	4803
938	1110	4802
939	1111	4801
940	1112	4800
941	1114	4799
942	1115	4797
943	1116	4797
944	1117	4795
945	1118	4794
946	1120	4793
947	1121	4792
948	1122	4790
949	1123	4789
950	1124	4787
951	1125	4786
952	1126	4785
953	1128	4784
954	1129	4783
955	1130	4782
956	1131	4780
957	1132	4779
958	1133	4778
959	1135	4777
960	1136	4775
961	1137	4775
962	1138	4774
963	1140	4774
964	1141	4773
965	1143	4773
966	1144	4773
967	1145	4772
968	1147	4771
969	1148	4771
970	1149	4771
971	1151	4770
972	1152	4770
973	1153	4769
974	1155	4770
975	1156	4769
976	1158	4769
977	1159	4769
978	1161	4769
979	1162	4769
980	1164	4768
981	1165	4767
982	1166	4767
983	1167	4766
984	1169	4765
985	1170	4764
986	1171	4764
987	1173	4763
988	1174	4762
989	1175	4762
990	1176	4761
991	1178	4761
992	1179	4760
993	1181	4760
994	1182	4759
995	1183	4758
996	1184	4756
997	1185	4755
998	1187	4755
999	1188	4754
1000	1189	4752
1001	1191	4752
1002	1192	4751
1003	1193	4750
1004	1194	4749
1005	1196	4748
1006	1197	4747
1007	1198	4746
1008	1199	4745
1009	1200	4743
1010	1201	4742
1011	1203	4741
1012	1204	4740
1013	1205	4739
1014	1206	4737
1015	1208	4737
1016	1209	4736
1017	1210	4735
1018	1211	4734
1019	1213	4733
1020	1214	4731
1021	1215	4730
1022	1216	4729
1023	1217	4727
1024	1218	4726
1025	1220	4725
1026	1221	4724
1027	1222	4723
1028	1223	4722
1029	1225	4721
1030	1226	4721
1031	1227	4720
1032	1228	4718
1033	1229	4717
1034	1231	4716
1035	1232	4715
1036	1233	4714
1037	1234	4712
1038	1235	4711
1039	1237	4710
1040	1238	4710
1041	1240	4711
1042	1242	4714
1043	1244	4715
1044	1245	4715
1045	1247	4714
1046	1248	4715
1047	1250	4715
1048	1251	4715
1049	1254	4718
1050	1255	4718
1051	1257	4718
1052	1258	4717
1053	1259	4717
1054	1261	4715
1055	1262	4714
1056	1263	4714
1057	1265	4713
1058	1266	4713
1059	1267	4713
1060	1269	4713
1061	1271	4713
1062	1272	4712
1063	1273	4710
1064	1274	4709
1065	1275	4707
1066	1276	4706
1067	1277	4704
1068	1279	4703
1069	1280	4702
1070	1281	4701
1071	1282	4700
1072	1283	4698
1073	1285	4698
1074	1286	4697
1075	1287	4696
1076	1288	4694
1077	1290	4693
1078	1291	4691
1079	1292	4690
1080	1293	4689
1081	1294	4688
1082	1295	4686
1083	1296	4685
1084	1298	4684
1085	1299	4682
1086	1300	4681
1087	1301	4680
1088	1303	4679
1089	1304	4678
1090	1305	4676
1091	1306	4675
1092	1307	4673
1093	1308	4672
1094	1309	4670
1095	1310	4669
1096	1311	4667
1097	1313	4666
1098	1314	4665
1099	1315	4663
1100	1316	4662
1101	1318	4662
1102	1319	4660
1103	1320	4659
1104	1321	4658
1105	1322	4656
1106	1323	4655
1107	1325	4654
1108	1326	4653
1109	1327	4651
1110	1328	4650
1111	1329	4649
1112	1330	4647
1113	1331	4646
1114	1333	4645
1115	1334	4644
1116	1335	4644
1117	1337	4643
1118	1338	4641
1119	1339	4640
1120	1340	4639
1121	1342	4638
1122	1343	4637
1123	1344	4636
1124	1345	4634
1125	1346	4633
1126	1347	4631
1127	1349	4631
1128	1350	4630
1129	1351	4629
1130	1352	4627
1131	1354	4626
1132	1355	4625
1133	1356	4624
1134	1357	4623
1135	1359	4623
1136	1360	4621
1137	1361	4621
1138	1362	4619
1139	1363	4618
1140	1365	4617
1141	1366	4616
1142	1367	4614
1143	1368	4613
1144	1369	4612
1145	1371	4610
1146	1372	4609
1147	1373	4607
1148	1374	4606
1149	1375	4605
1150	1376	4603
1151	1377	4602
1152	1379	4601
1153	1380	4599
1154	1381	4599
1155	1382	4597
1156	1383	4596
1157	1384	4594
1158	1386	4593
1159	1387	4592
1160	1388	4591
1161	1389	4589
1162	1390	4588
1163	1392	4587
1164	1393	4585
1165	1394	4584
1166	1395	4583
1167	1396	4582
1168	1397	4581
1169	1399	4579
1170	1400	4578
1171	1401	4577
1172	1402	4575
1173	1403	4574
1174	1404	4573
1175	1406	4571
1176	1407	4570
1177	1408	4569
1178	1409	4568
1179	1410	4566
1180	1411	4565
1181	1412	4564
1182	1414	4562
1183	1415	4561
1184	1416	4560
1185	1417	4559
1186	1418	4557
1187	1419	4556
1188	1421	4554
1189	1422	4553
1190	1423	4552
1191	1424	4550
1192	1425	4549
1193	1426	4548
1194	1427	4546
1195	1429	4546
1196	1430	4545
1197	1431	4543
1198	1432	4542
1199	1434	4541
1200	1435	4539
1201	1436	4538
1202	1437	4537
1203	1438	4535
1204	1439	4534
1205	1440	4533
1206	1442	4531
1207	1443	4530
1208	1444	4529
1209	1445	4528
1210	1447	4527
1211	1448	4526
1212	1449	4525
1213	1450	4524
1214	1451	4522
1215	1452	4521
1216	1454	4520
1217	1455	4518
1218	1456	4517
1219	1457	4515
1220	1458	4514
1221	1459	4513
1222	1461	4512
1223	1462	4512
1224	1463	4510
1225	1465	4509
1226	1466	4508
1227	1467	4507
1228	1468	4506
1229	1469	4505
1230	1471	4504
1231	1472	4502
1232	1473	4501
1233	1474	4500
1234	1475	4499
1235	1477	4498
1236	1478	4498
1237	1479	4496
1238	1480	4495
1239	1482	4493
1240	1483	4492
1241	1484	4491
1242	1485	4490
1243	1486	4488
1244	1487	4487
1245	1489	4486
1246	1490	4485
1247	1491	4483
1248	1492	4483
1249	1494	4482
1250	1495	4480
1251	1496	4479
1252	1497	4478
1253	1498	4476
1254	1499	4475
1255	1500	4473
1256	1502	4472
1257	1503	4471
1258	1504	4469
1259	1505	4468
1260	1506	4466
1261	1507	4465
1262	1509	4464
1263	1510	4463
1264	1511	4462
1265	1512	4461
1266	1513	4459
1267	1514	4458
1268	1516	4457
1269	1517	4455
1270	1518	4454
1271	1519	4452
1272	1520	4451
1273	1521	4449
1274	1522	4448
1275	1524	4448
1276	1525	4447
1277	1526	4446
1278	1527	4445
1279	1529	4444
1280	1530	4442
1281	1531	4441
1282	1532	4440
1283	1533	4438
1284	1534	4437
1285	1536	4436
1286	1537	4435
1287	1538	4433
1288	1539	4432
1289	1541	4432
1290	1542	4431
1291	1543	4430
1292	1544	4429
1293	1546	4427
1294	1547	4426
1295	1548	4425
1296	1549	4424
1297	1550	4422
1298	1551	4421
1299	1553	4420
1300	1554	4419
1301	1555	4417
1302	1556	4417
1303	1558	4416
1304	1559	4414
1305	1560	4413
1306	1561	4411
1307	1562	4410
1308	1563	4409
1309	1564	4407
1310	1565	4406
1311	1567	4405
1312	1568	4404
1313	1569	4402
1314	1570	4401
1315	1571	4400
1316	1573	4400
1317	1574	4398
1318	1575	4397
1319	1576	4396
1320	1578	4395
1321	1579	4393
1322	1580	4393
1323	1581	4392
1324	1583	4391
1325	1584	4390
1326	1585	4389
1327	1586	4387
1328	1588	4387
1329	1589	4386
1330	1590	4385
1331	1591	4383
1332	1593	4382
1333	1594	4381
1334	1595	4379
1335	1596	4378
1336	1597	4377
1337	1598	4376
1338	1600	4374
1339	1601	4373
1340	1602	4372
1341	1603	4371
1342	1605	4370
1343	1606	4369
1344	1607	4368
1345	1608	4367
1346	1609	4365
1347	1611	4364
1348	1612	4363
1349	1613	4362
1350	1614	4361
1351	1615	4359
1352	1616	4358
1353	1618	4357
1354	1619	4355
1355	1620	4355
1356	1621	4354
1357	1623	4352
1358	1624	4351
1359	1625	4350
1360	1626	4349
1361	1627	4347
1362	1628	4346
1363	1629	4344
1364	1631	4343
1365	1632	4342
1366	1633	4341
1367	1634	4340
1368	1636	4339
1369	1637	4338
1370	1638	4337
1371	1639	4336
1372	1641	4335
1373	1642	4334
1374	1643	4332
1375	1644	4331
1376	1645	4330
1377	1646	4328
1378	1648	4327
1379	1649	4326
1380	1650	4325
1381	1651	4324
1382	1653	4323
1383	1654	4322
1384	1655	4321
1385	1656	4320
1386	1657	4318
1387	1659	4317
1388	1660	4315
1389	1661	4314
1390	1662	4313
1391	1663	4311
1392	1664	4310
1393	1665	4309
1394	1667	4308
1395	1668	4308
1396	1670	4307
1397	1671	4306
1398	1672	4305
1399	1673	4303
1400	1674	4302
1401	1675	4300
1402	1677	4299
1403	1678	4298
1404	1679	4297
1405	1680	4295
1406	1681	4294
1407	1682	4293
1408	1684	4292
1409	1685	4291
1410	1686	4289
1411	1687	4288
1412	1688	4287
1413	1690	4286
1414	1691	4284
1415	1692	4283
1416	1693	4281
1417	1694	4280
1418	1695	4279
1419	1696	4277
1420	1697	4276
1421	1699	4275
1422	1700	4274
1423	1701	4272
1424	1702	4271
1425	1703	4270
1426	1704	4269
1427	1706	4267
1428	1707	4266
1429	1708	4265
1430	1709	4263
1431	1710	4262
1432	1711	4261
1433	1712	4259
1434	1714	4258
1435	1715	4257
1436	1716	4256
1437	1717	4255
1438	1719	4253
1439	1720	4252
1440	1721	4251
1441	1722	4250
1442	1723	4248
1443	1724	4247
1444	1725	4246
1445	1727	4244
1446	1728	4243
1447	1729	4242
1448	1730	4241
1449	1732	4240
1450	1733	4239
1451	1734	4238
1452	1735	4237
1453	1736	4235
1454	1738	4234
1455	1739	4233
1456	1740	4232
1457	1741	4231
1458	1742	4229
1459	1743	4228
1460	1745	4227
1461	1746	4226
1462	1747	4225
1463	1749	4224
1464	1750	4223
1465	1751	4222
1466	1752	4220
1467	1753	4219
1468	1755	4218
1469	1756	4217
1470	1757	4215
1471	1758	4214
1472	1759	4213
1473	1760	4212
1474	1761	4210
1475	1763	4209
1476	1764	4208
1477	1765	4207
1478	1766	4206
1479	1767	4204
1480	1769	4203
1481	1770	4202
1482	1771	4200
1483	1772	4199
1484	1773	4198
1485	1774	4196
1486	1776	4195
1487	1777	4194
1488	1778	4193
1489	1779	4192
1490	1780	4191
1491	1782	4190
1492	1783	4188
1493	1784	4187
1494	1785	4186
1495	1786	4184
1496	1787	4183
1497	1788	4182
1498	1790	4180
1499	1791	4179
1500	1792	4178
1501	1793	4176
1502	1794	4175
1503	1795	4174
1504	1797	4173
1505	1798	4172
1506	1799	4171
1507	1800	4169
1508	1801	4168
1509	1803	4167
1510	1804	4165
1511	1805	4164
1512	1806	4163
1513	1807	4162
1514	1808	4160
1515	1809	4159
1516	1811	4158
1517	1812	4157
1518	1813	4155
1519	1814	4154
1520	1815	4153
1521	1816	4151
1522	1818	4150
1523	1819	4149
1524	1820	4148
1525	1821	4147
1526	1822	4145
1527	1823	4144
1528	1825	4143
1529	1826	4142
1530	1827	4140
1531	1828	4140
1532	1830	4139
1533	1831	4138
1534	1832	4136
1535	1833	4135
1536	1835	4134
1537	1836	4133
1538	1837	4131
1539	1838	4130
1540	1839	4129
1541	1840	4127
1542	1841	4126
1543	1843	4125
1544	1844	4124
1545	1845	4123
1546	1846	4122
1547	1848	4121
1548	1849	4119
1549	1850	4118
1550	1851	4117
1551	1852	4116
1552	1853	4114
1553	1854	4113
1554	1856	4111
1555	1857	4110
1556	1858	4109
1557	1859	4108
1558	1861	4107
1559	1862	4106
1560	1863	4105
1561	1864	4104
1562	1865	4102
1563	1866	4101
1564	1868	4100
1565	1869	4099
1566	1870	4097
1567	1871	4096
1568	1872	4095
1569	1873	4094
1570	1875	4092
1571	1876	4091
1572	1877	4090
1573	1879	4089
1574	1880	4088
1575	1881	4087
1576	1882	4086
1577	1883	4084
1578	1884	4083
1579	1885	4082
1580	1887	4080
1581	1888	4079
1582	1889	4078
1583	1890	4077
1584	1892	4076
1585	1893	4076
1586	1894	4075
1587	1896	4074
1588	1897	4072
1589	1898	4071
1590	1899	4070
1591	1900	4069
1592	1902	4068
1593	1903	4066
1594	1904	4065
1595	1905	4064
1596	1907	4063
1597	1908	4062
1598	1909	4061
1599	1910	4060
1600	1911	4059
1601	1913	4057
1602	1914	4056
1603	1915	4055
1604	1916	4054
1605	1917	4052
1606	1918	4051
1607	1920	4050
1608	1921	4048
1609	1922	4047
1610	1923	4046
1611	1924	4045
1612	1926	4044
1613	1927	4043
1614	1928	4042
1615	1929	4040
1616	1930	4039
1617	1932	4038
1618	1933	4037
1619	1934	4035
1620	1935	4034
1621	1936	4033
1622	1937	4031
1623	1939	4031
1624	1940	4030
1625	1941	4029
1626	1942	4027
1627	1944	4026
1628	1945	4025
1629	1946	4024
1630	1947	4023
1631	1948	4021
1632	1949	4020
1633	1951	4019
1634	1952	4017
1635	1953	4017
1636	1955	4016
1637	1956	4015
1638	1957	4014
1639	1958	4012
1640	1959	4011
1641	1960	4010
1642	1961	4008
1643	1963	4007
1644	1964	4006
1645	1965	4004
1646	1966	4003
1647	1967	4002
1648	1968	4001
1649	1970	3999
1650	1971	3999
1651	1972	3998
1652	1973	3996
1653	1975	3995
1654	1976	3994
1655	1977	3993
1656	1978	3992
1657	1979	3990
1658	1980	3989
1659	1982	3988
1660	1983	3986
1661	1984	3986
1662	1985	3985
1663	1987	3984
1664	1988	3983
1665	1990	3982
1666	1991	3981
1667	1992	3980
1668	1993	3978
1669	1994	3977
1670	1995	3976
1671	1997	3975
1672	1998	3974
1673	1999	3973
1674	2001	3972
1675	2002	3971
1676	2003	3970
1677	2005	3969
1678	2006	3968
1679	2007	3967
1680	2008	3966
1681	2009	3964
1682	2010	3963
1683	2012	3962
1684	2013	3960
1685	2014	3959
1686	2015	3958
1687	2016	3957
1688	2018	3955
1689	2019	3955
1690	2020	3954
1691	2022	3953
1692	2023	3952
1693	2024	3951
1694	2025	3949
1695	2027	3948
1696	2028	3947
1697	2029	3946
1698	2030	3945
1699	2031	3943
1700	2032	3942
1701	2033	3941
1702	2035	3940
1703	2036	3939
1704	2037	3937
1705	2038	3936
1706	2039	3935
1707	2041	3934
1708	2042	3932
1709	2043	3931
1710	2044	3930
1711	2045	3928
1712	2046	3927
1713	2047	3926
1714	2049	3925
1715	2050	3923
1716	2051	3923
1717	2052	3921
1718	2054	3920
1719	2055	3919
1720	2056	3918
1721	2057	3916
1722	2058	3915
1723	2060	3914
1724	2061	3913
1725	2062	3911
1726	2063	3910
1727	2064	3909
1728	2065	3908
1729	2067	3907
1730	2068	3906
1731	2069	3904
1732	2070	3903
1733	2071	3902
1734	2073	3901
1735	2074	3900
1736	2075	3898
1737	2076	3897
1738	2077	3896
1739	2078	3894
1740	2080	3893
1741	2081	3892
1742	2082	3891
1743	2084	3890
1744	2085	3889
1745	2086	3888
1746	2087	3887
1747	2088	3886
1748	2090	3885
1749	2091	3883
1750	2092	3882
1751	2093	3881
1752	2094	3879
1753	2095	3878
1754	2097	3877
1755	2098	3876
1756	2099	3875
1757	2100	3874
1758	2101	3872
1759	2103	3871
1760	2104	3870
1761	2105	3869
1762	2106	3868
1763	2107	3866
1764	2108	3865
1765	2110	3864
1766	2111	3862
1767	2112	3861
1768	2113	3860
1769	2115	3859
1770	2116	3858
1771	2117	3858
1772	2119	3856
1773	2120	3855
1774	2121	3854
1775	2122	3853
1776	2123	3851
1777	2124	3850
1778	2126	3849
1779	2127	3848
1780	2128	3846
1781	2129	3845
1782	2131	3845
1783	2132	3844
1784	2133	3843
1785	2135	3842
1786	2136	3840
1787	2137	3839
1788	2138	3838
1789	2139	3837
1790	2140	3835
1791	2142	3834
1792	2143	3833
1793	2144	3832
1794	2145	3830
1795	2147	3830
1796	2148	3829
1797	2149	3827
1798	2150	3826
1799	2151	3825
1800	2152	3824
1801	2154	3822
1802	2155	3821
1803	2156	3820
1804	2157	3819
1805	2158	3817
1806	2159	3816
1807	2161	3815
1808	2162	3814
1809	2163	3813
1810	2164	3812
1811	2166	3810
1812	2167	3809
1813	2168	3808
1814	2169	3807
1815	2170	3805
1816	2171	3804
1817	2172	3803
1818	2174	3802
1819	2175	3800
1820	2176	3800
1821	2178	3799
1822	2179	3798
1823	2180	3797
1824	2182	3796
1825	2183	3794
1826	2184	3793
1827	2185	3792
1828	2186	3791
1829	2187	3790
1830	2189	3788
1831	2190	3787
1832	2191	3786
1833	2192	3785
1834	2193	3784
1835	2195	3783
1836	2196	3781
1837	2197	3780
1838	2198	3779
1839	2200	3778
1840	2201	3777
1841	2202	3775
1842	2203	3774
1843	2204	3773
1844	2205	3772
1845	2207	3771
1846	2208	3769
1847	2209	3768
1848	2210	3767
1849	2212	3766
1850	2213	3765
1851	2214	3763
1852	2215	3762
1853	2216	3761
1854	2218	3760
1855	2219	3759
1856	2220	3758
1857	2221	3757
1858	2223	3756
1859	2224	3755
1860	2225	3754
1861	2227	3753
1862	2228	3752
1863	2229	3751
1864	2231	3750
1865	2232	3749
1866	2233	3748
1867	2234	3747
1868	2236	3746
1869	2237	3745
1870	2239	3744
1871	2240	3743
1872	2242	3743
1873	2243	3742
1874	2244	3741
1875	2246	3740
1876	2247	3739
1877	2249	3738
1878	2250	3738
1879	2252	3737
1880	2253	3737
1881	2255	3736
1882	2256	3736
1883	2258	3735
1884	2260	3735
1885	2262	3735
1886	2263	3734
1887	2265	3733
1888	2266	3732
1889	2267	3731
1890	2269	3730
1891	2270	3730
1892	2272	3729
1893	2273	3729
1894	2275	3728
1895	2276	3727
1896	2278	3726
1897	2279	3725
1898	2281	3724
1899	2282	3723
1900	2283	3723
1901	2285	3722
1902	2286	3721
1903	2287	3720
1904	2289	3719
1905	2291	3719
1906	2292	3718
1907	2293	3717
1908	2295	3716
1909	2296	3715
1910	2297	3713
1911	2298	3712
1912	2299	3711
1913	2301	3710
1914	2302	3708
1915	2303	3707
1916	2305	3707
1917	2306	3705
1918	2307	3704
1919	2308	3703
1920	2309	3702
1921	2310	3700
1922	2312	3699
1923	2313	3698
1924	2314	3696
1925	2315	3695
1926	2316	3694
1927	2317	3693
1928	2318	3691
1929	2320	3690
1930	2321	3689
1931	2322	3688
1932	2323	3687
1933	2325	3686
1934	2326	3684
1935	2327	3683
1936	2328	3682
1937	2329	3681
1938	2331	3679
1939	2332	3678
1940	2333	3677
1941	2334	3676
1942	2335	3675
1943	2337	3674
1944	2338	3673
1945	2339	3672
1946	2341	3671
1947	2342	3670
1948	2343	3668
1949	2344	3667
1950	2346	3666
1951	2347	3665
1952	2348	3664
1953	2349	3662
1954	2350	3661
1955	2352	3660
1956	2353	3659
1957	2354	3658
1958	2356	3657
1959	2357	3656
1960	2358	3654
1961	2359	3653
1962	2360	3652
1963	2362	3651
1964	2363	3650
1965	2364	3649
1966	2365	3647
1967	2366	3646
1968	2367	3645
1969	2369	3644
1970	2370	3643
1971	2372	3642
1972	2373	3641
1973	2374	3640
1974	2375	3638
1975	2376	3637
1976	2378	3636
1977	2379	3635
1978	2380	3633
1979	2381	3632
1980	2382	3631
1981	2384	3630
1982	2385	3629
1983	2386	3628
1984	2388	3627
1985	2389	3626
1986	2390	3624
1987	2391	3623
1988	2393	3622
1989	2394	3621
1990	2395	3620
1991	2396	3619
1992	2398	3618
1993	2399	3617
1994	2400	3616
1995	2402	3615
1996	2403	3614
1997	2404	3613
1998	2405	3611
1999	2407	3610
2000	2408	3609
2001	2409	3608
2002	2410	3607
2003	2411	3605
2004	2413	3604
2005	2414	3603
2006	2415	3602
2007	2416	3601
2008	2418	3600
2009	2419	3599
2010	2420	3597
2011	2421	3596
2012	2422	3595
2013	2424	3594
2014	2425	3592
2015	2426	3591
2016	2427	3590
2017	2428	3589
2018	2429	3587
2019	2431	3586
2020	2432	3585
2021	2433	3584
2022	2435	3583
2023	2436	3582
2024	2437	3580
2025	2438	3579
2026	2439	3578
2027	2440	3576
2028	2441	3575
2029	2443	3574
2030	2444	3573
2031	2445	3572
2032	2446	3571
2033	2448	3570
2034	2449	3569
2035	2450	3567
2036	2451	3566
2037	2453	3565
2038	2454	3563
2039	2455	3562
2040	2456	3561
2041	2457	3559
2042	2458	3558
2043	2459	3557
2044	2461	3556
2045	2462	3555
2046	2463	3553
2047	2464	3552
2048	2466	3551
2049	2467	3550
2050	2468	3549
2051	2469	3548
2052	2470	3546
2053	2471	3545
2054	2473	3544
2055	2474	3542
2056	2475	3541
2057	2476	3540
2058	2477	3539
2059	2478	3537
2060	2480	3536
2061	2481	3535
2062	2482	3534
2063	2483	3533
2064	2485	3531
2065	2486	3530
2066	2487	3529
2067	2488	3528
2068	2489	3527
2069	2491	3526
2070	2492	3524
2071	2493	3523
2072	2494	3522
2073	2496	3521
2074	2497	3520
2075	2498	3519
2076	2499	3518
2077	2501	3517
2078	2502	3515
2079	2503	3514
2080	2504	3513
2081	2505	3512
2082	2507	3510
2083	2508	3509
2084	2509	3508
2085	2510	3507
2086	2512	3506
2087	2513	3505
2088	2514	3503
2089	2515	3502
2090	2516	3501
2091	2518	3500
2092	2519	3498
2093	2520	3497
2094	2521	3496
2095	2522	3495
2096	2523	3494
2097	2525	3492
2098	2526	3491
2099	2527	3490
2100	2528	3489
2101	2530	3488
2102	2531	3487
2103	2532	3485
2104	2533	3484
2105	2534	3483
2106	2536	3482
2107	2537	3480
2108	2538	3479
2109	2539	3478
2110	2540	3477
2111	2541	3475
2112	2543	3474
2113	2544	3473
2114	2545	3472
2115	2546	3471
2116	2547	3469
2117	2549	3468
2118	2550	3467
2119	2551	3466
2120	2552	3465
2121	2553	3463
2122	2555	3462
2123	2556	3461
2124	2557	3460
2125	2558	3458
2126	2560	3458
2127	2561	3456
2128	2562	3455
2129	2563	3454
2130	2564	3452
2131	2565	3451
2132	2566	3450
2133	2568	3448
2134	2569	3447
2135	2570	3446
2136	2571	3445
2137	2572	3443
2138	2573	3442
2139	2575	3441
2140	2576	3440
2141	2577	3439
2142	2578	3437
2143	2579	3436
2144	2580	3435
2145	2581	3433
2146	2583	3432
2147	2584	3431
2148	2585	3429
2149	2586	3428
2150	2587	3427
2151	2588	3426
2152	2589	3424
2153	2591	3423
2154	2592	3422
2155	2593	3421
2156	2594	3420
2157	2596	3418
2158	2597	3417
2159	2598	3416
2160	2599	3415
2161	2600	3413
2162	2601	3412
2163	2602	3411
2164	2604	3409
2165	2605	3408
2166	2606	3407
2167	2607	3406
2168	2608	3405
2169	2609	3403
2170	2611	3402
2171	2612	3401
2172	2613	3399
2173	2614	3398
2174	2615	3397
2175	2616	3396
2176	2617	3394
2177	2619	3393
2178	2620	3392
2179	2621	3391
2180	2622	3389
2181	2624	3388
2182	2625	3387
2183	2626	3387
2184	2628	3385
2185	2629	3384
2186	2630	3383
2187	2631	3382
2188	2632	3380
2189	2633	3379
2190	2635	3378
2191	2636	3377
2192	2637	3376
2193	2638	3374
2194	2640	3373
2195	2641	3372
2196	2642	3371
2197	2643	3370
2198	2644	3368
2199	2645	3367
2200	2647	3366
2201	2648	3365
2202	2649	3363
2203	2650	3362
2204	2651	3361
2205	2653	3360
2206	2654	3359
2207	2655	3358
2208	2656	3356
2209	2657	3355
2210	2659	3354
2211	2660	3352
2212	2661	3351
2213	2662	3350
2214	2663	3349
2215	2664	3347
2216	2665	3346
2217	2667	3345
2218	2668	3344
2219	2669	3343
2220	2670	3341
2221	2672	3340
2222	2673	3339
2223	2674	3338
2224	2675	3336
2225	2676	3335
2226	2677	3334
2227	2678	3333
2228	2680	3331
2229	2681	3330
2230	2682	3329
2231	2683	3328
2232	2684	3327
2233	2686	3325
2234	2687	3324
2235	2688	3323
2236	2689	3322
2237	2690	3320
2238	2691	3319
2239	2693	3318
2240	2694	3316
2241	2695	3315
2242	2696	3314
2243	2697	3313
2244	2698	3311
2245	2699	3310
2246	2701	3309
2247	2702	3308
2248	2703	3307
2249	2704	3306
2250	2706	3304
2251	2707	3303
2252	2708	3302
2253	2709	3300
2254	2710	3299
2255	2711	3298
2256	2713	3297
2257	2714	3296
2258	2715	3294
2259	2716	3293
2260	2717	3292
2261	2719	3291
2262	2720	3290
2263	2721	3289
2264	2722	3287
2265	2724	3286
2266	2725	3285
2267	2726	3284
2268	2727	3282
2269	2728	3281
2270	2729	3280
2271	2731	3279
2272	2732	3278
2273	2733	3276
2274	2734	3275
2275	2736	3274
2276	2737	3273
2277	2738	3272
2278	2739	3270
2279	2740	3269
2280	2741	3268
2281	2743	3267
2282	2744	3265
2283	2745	3264
2284	2746	3263
2285	2747	3262
2286	2749	3261
2287	2750	3259
2288	2751	3258
2289	2752	3257
2290	2753	3256
2291	2755	3255
2292	2756	3253
2293	2757	3252
2294	2758	3251
2295	2760	3250
2296	2761	3249
2297	2762	3248
2298	2763	3246
2299	2764	3245
2300	2766	3244
2301	2767	3243
2302	2768	3242
2303	2770	3241
2304	2771	3240
2305	2772	3238
2306	2773	3237
2307	2774	3236
2308	2775	3234
2309	2776	3233
2310	2778	3232
2311	2779	3231
2312	2780	3230
2313	2781	3228
2314	2782	3227
2315	2784	3226
2316	2785	3225
2317	2786	3224
2318	2787	3222
2319	2788	3221
2320	2790	3220
2321	2791	3219
2322	2792	3217
2323	2793	3216
2324	2794	3215
2325	2795	3214
2326	2796	3212
2327	2798	3211
2328	2799	3210
2329	2800	3209
2330	2801	3208
2331	2803	3206
2332	2804	3205
2333	2805	3204
2334	2806	3203
2335	2807	3201
2336	2808	3200
2337	2809	3199
2338	2811	3198
2339	2812	3196
2340	2813	3195
2341	2814	3194
2342	2816	3193
2343	2817	3192
2344	2818	3191
2345	2819	3190
2346	2820	3188
2347	2822	3187
2348	2823	3186
2349	2824	3185
2350	2825	3183
2351	2826	3182
2352	2828	3181
2353	2829	3180
2354	2830	3179
2355	2831	3177
2356	2832	3176
2357	2834	3175
2358	2835	3174
2359	2836	3172
2360	2837	3171
2361	2838	3170
2362	2839	3169
2363	2840	3167
2364	2842	3166
2365	2843	3165
2366	2844	3164
2367	2845	3163
2368	2847	3162
2369	2848	3161
2370	2849	3159
2371	2850	3158
2372	2851	3157
2373	2853	3155
2374	2854	3154
2375	2855	3153
2376	2856	3152
2377	2857	3150
2378	2858	3149
2379	2860	3148
2380	2861	3147
2381	2862	3146
2382	2863	3145
2383	2865	3143
2384	2866	3142
2385	2867	3141
2386	2868	3140
2387	2869	3138
2388	2870	3137
2389	2872	3136
2390	2873	3135
2391	2874	3133
2392	2875	3132
2393	2876	3131
2394	2877	3129
2395	2878	3128
2396	2880	3127
2397	2881	3126
2398	2882	3125
2399	2883	3123
2400	2884	3122
2401	2885	3121
2402	2887	3120
2403	2888	3118
2404	2889	3117
2405	2890	3116
2406	2891	3115
2407	2893	3114
2408	2894	3113
2409	2895	3112
2410	2896	3110
2411	2898	3109
2412	2899	3108
2413	2900	3107
2414	2901	3105
2415	2902	3104
2416	2903	3103
2417	2905	3102
2418	2906	3100
2419	2907	3099
2420	2908	3098
2421	2909	3097
2422	2911	3096
2423	2912	3095
2424	2913	3094
2425	2915	3092
2426	2916	3091
2427	2917	3090
2428	2918	3089
2429	2919	3087
2430	2920	3086
2431	2921	3085
2432	2923	3084
2433	2924	3082
2434	2925	3081
2435	2927	3080
2436	2928	3079
2437	2929	3078
2438	2930	3077
2439	2931	3075
2440	2932	3074
2441	2933	3073
2442	2935	3072
2443	2936	3070
2444	2937	3069
2445	2938	3068
2446	2939	3067
2447	2941	3065
2448	2942	3064
2449	2943	3063
2450	2944	3062
2451	2945	3061
2452	2946	3059
2453	2947	3058
2454	2949	3057
2455	2950	3055
2456	2951	3054
2457	2952	3053
2458	2953	3052
2459	2955	3051
2460	2956	3049
2461	2957	3048
2462	2959	3048
2463	2960	3047
2464	2961	3045
2465	2962	3044
2466	2964	3043
2467	2965	3042
2468	2966	3041
2469	2967	3039
2470	2968	3038
2471	2969	3037
2472	2971	3036
2473	2972	3034
2474	2973	3033
2475	2974	3032
2476	2975	3031
2477	2977	3029
2478	2978	3028
2479	2979	3027
2480	2980	3026
2481	2981	3025
2482	2983	3023
2483	2984	3022
2484	2985	3021
2485	2986	3020
2486	2987	3018
2487	2988	3017
2488	2990	3016
2489	2991	3015
2490	2992	3014
2491	2994	3013
2492	2995	3012
2493	2996	3010
2494	2997	3009
2495	2998	3008
2496	2999	3007
2497	3000	3005
2498	3002	3004
2499	3003	3003
2500	3004	3002
2501	3005	3000
2502	3007	2999
2503	3008	2998
2504	3009	2997
2505	3010	2996
2506	3011	2995
2507	3012	2993
2508	3014	2992
2509	3015	2991
2510	3016	2990
2511	3017	2988
2512	3018	2987
2513	3020	2986
2514	3021	2985
2515	3022	2984
2516	3023	2983
2517	3025	2982
2518	3026	2980
2519	3027	2979
2520	3029	2978
2521	3030	2977
2522	3031	2976
2523	3032	2974
2524	3033	2973
2525	3034	2972
2526	3036	2971
2527	3037	2969
2528	3038	2968
2529	3039	2967
2530	3041	2966
2531	3042	2965
2532	3043	2964
2533	3044	2962
2534	3045	2961
2535	3047	2960
2536	3048	2959
2537	3049	2958
2538	3050	2956
2539	3051	2955
2540	3052	2954
2541	3054	2953
2542	3055	2952
2543	3056	2950
2544	3057	2949
2545	3058	2948
2546	3059	2947
2547	3061	2945
2548	3062	2944
2549	3063	2943
2550	3064	2942
2551	3065	2940
2552	3066	2939
2553	3067	2938
2554	3069	2937
2555	3070	2936
2556	3071	2934
2557	3073	2933
2558	3074	2932
2559	3075	2931
2560	3076	2929
2561	3077	2928
2562	3078	2927
2563	3079	2926
2564	3080	2924
2565	3082	2923
2566	3083	2922
2567	3084	2921
2568	3085	2920
2569	3087	2919
2570	3088	2917
2571	3089	2916
2572	3090	2915
2573	3091	2913
2574	3092	2912
2575	3094	2911
2576	3095	2910
2577	3096	2908
2578	3097	2907
2579	3098	2906
2580	3099	2905
2581	3101	2904
2582	3102	2903
2583	3103	2901
2584	3104	2900
2585	3106	2899
2586	3107	2898
2587	3108	2896
2588	3109	2895
2589	3110	2894
2590	3111	2893
2591	3113	2892
2592	3114	2890
2593	3115	2889
2594	3116	2888
2595	3117	2886
2596	3118	2885
2597	3120	2884
2598	3121	2883
2599	3122	2882
2600	3123	2881
2601	3124	2879
2602	3125	2878
2603	3127	2877
2604	3128	2876
2605	3129	2874
2606	3130	2873
2607	3131	2872
2608	3132	2871
2609	3134	2869
2610	3135	2868
2611	3136	2867
2612	3137	2866
2613	3138	2865
2614	3139	2863
2615	3141	2862
2616	3142	2861
2617	3143	2860
2618	3144	2859
2619	3146	2858
2620	3147	2856
2621	3148	2855
2622	3149	2854
2623	3151	2853
2624	3152	2852
2625	3153	2851
2626	3154	2849
2627	3155	2848
2628	3157	2847
2629	3158	2846
2630	3159	2844
2631	3160	2843
2632	3161	2842
2633	3162	2841
2634	3164	2839
2635	3165	2838
2636	3166	2837
2637	3167	2836
2638	3168	2835
2639	3170	2833
2640	3171	2832
2641	3172	2831
2642	3173	2830
2643	3174	2828
2644	3175	2827
2645	3176	2826
2646	3178	2825
2647	3179	2823
2648	3180	2822
2649	3181	2821
2650	3182	2820
2651	3183	2818
2652	3185	2817
2653	3186	2816
2654	3187	2815
2655	3188	2813
2656	3189	2812
2657	3190	2811
2658	3191	2810
2659	3193	2808
2660	3194	2807
2661	3195	2806
2662	3196	2805
2663	3197	2804
2664	3199	2802
2665	3200	2801
2666	3201	2800
2667	3202	2799
2668	3203	2797
2669	3205	2796
2670	3206	2795
2671	3207	2794
2672	3208	2793
2673	3209	2792
2674	3210	2790
2675	3212	2789
2676	3213	2788
2677	3214	2787
2678	3216	2786
2679	3217	2785
2680	3218	2783
2681	3219	2782
2682	3220	2781
2683	3222	2780
2684	3223	2779
2685	3224	2777
2686	3225	2776
2687	3226	2775
2688	3227	2774
2689	3229	2772
2690	3230	2771
2691	3231	2770
2692	3232	2769
2693	3233	2768
2694	3235	2766
2695	3236	2765
2696	3237	2764
2697	3238	2763
2698	3239	2762
2699	3241	2760
2700	3242	2759
2701	3243	2758
2702	3244	2757
2703	3245	2756
2704	3247	2754
2705	3248	2753
2706	3249	2752
2707	3250	2751
2708	3251	2750
2709	3253	2748
2710	3254	2747
2711	3255	2746
2712	3256	2745
2713	3257	2743
2714	3258	2742
2715	3260	2741
2716	3261	2740
2717	3262	2739
2718	3263	2737
2719	3264	2736
2720	3266	2735
2721	3267	2734
2722	3268	2733
2723	3269	2731
2724	3270	2730
2725	3271	2729
2726	3272	2728
2727	3274	2726
2728	3275	2725
2729	3276	2724
2730	3277	2723
2731	3279	2722
2732	3280	2721
2733	3281	2719
2734	3282	2718
2735	3283	2717
2736	3285	2716
2737	3286	2714
2738	3287	2713
2739	3288	2712
2740	3289	2711
2741	3290	2710
2742	3292	2708
2743	3293	2707
2744	3294	2706
2745	3295	2705
2746	3297	2704
2747	3298	2702
2748	3299	2701
2749	3300	2700
2750	3301	2699
2751	3302	2697
2752	3304	2696
2753	3305	2695
2754	3306	2694
2755	3307	2693
2756	3308	2691
2757	3309	2690
2758	3311	2689
2759	3312	2688
2760	3313	2687
2761	3314	2685
2762	3315	2684
2763	3317	2683
2764	3318	2682
2765	3319	2681
2766	3320	2679
2767	3321	2678
2768	3323	2677
2769	3324	2676
2770	3325	2675
2771	3326	2673
2772	3327	2672
2773	3329	2671
2774	3330	2670
2775	3331	2668
2776	3332	2667
2777	3333	2666
2778	3335	2665
2779	3336	2664
2780	3337	2662
2781	3338	2661
2782	3339	2660
2783	3341	2659
2784	3342	2658
2785	3343	2656
2786	3344	2655
2787	3345	2654
2788	3346	2653
2789	3348	2652
2790	3349	2650
2791	3350	2649
2792	3351	2648
2793	3352	2647
2794	3354	2646
2795	3355	2644
2796	3356	2643
2797	3357	2642
2798	3358	2641
2799	3359	2639
2800	3361	2638
2801	3362	2637
2802	3363	2636
2803	3364	2635
2804	3365	2633
2805	3367	2632
2806	3368	2631
2807	3369	2630
2808	3370	2629
2809	3371	2627
2810	3372	2626
2811	3374	2625
2812	3375	2624
2813	3376	2622
2814	3377	2621
2815	3378	2620
2816	3380	2619
2817	3381	2618
2818	3382	2616
2819	3383	2615
2820	3384	2614
2821	3386	2613
2822	3387	2612
2823	3388	2611
2824	3389	2609
2825	3390	2608
2826	3392	2607
2827	3393	2606
2828	3394	2604
2829	3395	2603
2830	3396	2602
2831	3397	2601
2832	3399	2599
2833	3400	2598
2834	3401	2597
2835	3402	2596
2836	3404	2595
2837	3405	2594
2838	3406	2593
2839	3408	2592
2840	3409	2590
2841	3410	2589
2842	3411	2588
2843	3412	2587
2844	3414	2586
2845	3415	2584
2846	3416	2583
2847	3418	2582
2848	3419	2581
2849	3420	2580
2850	3421	2579
2851	3422	2578
2852	3424	2576
2853	3425	2575
2854	3426	2574
2855	3427	2573
2856	3428	2571
2857	3429	2570
2858	3431	2569
2859	3432	2568
2860	3433	2567
2861	3435	2566
2862	3436	2564
2863	3437	2563
2864	3438	2562
2865	3439	2561
2866	3440	2559
2867	3441	2558
2868	3443	2557
2869	3444	2556
2870	3445	2555
2871	3446	2553
2872	3447	2552
2873	3448	2551
2874	3450	2550
2875	3451	2549
2876	3452	2547
2877	3454	2546
2878	3455	2545
2879	3456	2544
2880	3457	2543
2881	3458	2541
2882	3459	2540
2883	3461	2539
2884	3462	2538
2885	3463	2536
2886	3464	2535
2887	3465	2534
2888	3466	2533
2889	3468	2532
2890	3469	2530
2891	3470	2529
2892	3471	2528
2893	3472	2527
2894	3473	2525
2895	3474	2524
2896	3475	2523
2897	3477	2522
2898	3478	2520
2899	3479	2519
2900	3480	2518
2901	3481	2517
2902	3483	2516
2903	3484	2514
2904	3485	2513
2905	3486	2512
2906	3487	2511
2907	3488	2509
2908	3489	2508
2909	3491	2507
2910	3492	2506
2911	3493	2504
2912	3494	2503
2913	3495	2502
2914	3497	2501
2915	3498	2500
2916	3499	2499
2917	3501	2498
2918	3502	2496
2919	3503	2495
2920	3504	2494
2921	3506	2493
2922	3507	2492
2923	3508	2490
2924	3509	2489
2925	3510	2488
2926	3511	2487
2927	3513	2486
2928	3514	2485
2929	3515	2483
2930	3516	2482
2931	3518	2481
2932	3519	2480
2933	3520	2478
2934	3521	2477
2935	3522	2476
2936	3523	2475
2937	3524	2473
2938	3526	2472
2939	3527	2471
2940	3528	2470
2941	3530	2469
2942	3531	2468
2943	3532	2467
2944	3533	2465
2945	3535	2464
2946	3536	2463
2947	3537	2462
2948	3538	2460
2949	3539	2459
2950	3540	2458
2951	3541	2457
2952	3543	2456
2953	3544	2454
2954	3545	2453
2955	3547	2452
2956	3548	2451
2957	3549	2450
2958	3550	2449
2959	3551	2447
2960	3552	2446
2961	3554	2445
2962	3555	2444
2963	3556	2442
2964	3557	2441
2965	3558	2440
2966	3559	2439
2967	3561	2438
2968	3562	2437
2969	3563	2435
2970	3564	2434
2971	3566	2433
2972	3567	2432
2973	3568	2430
2974	3569	2429
2975	3570	2428
2976	3571	2427
2977	3572	2425
2978	3574	2424
2979	3575	2423
2980	3576	2422
2981	3578	2421
2982	3579	2420
2983	3580	2418
2984	3581	2417
2985	3582	2416
2986	3583	2415
2987	3585	2414
2988	3586	2412
2989	3587	2411
2990	3588	2410
2991	3589	2409
2992	3590	2407
2993	3592	2406
2994	3593	2405
2995	3594	2404
2996	3595	2403
2997	3596	2401
2998	3598	2400
2999	3599	2399
3000	3600	2398
3001	3601	2397
3002	3602	2395
3003	3604	2394
3004	3605	2393
3005	3606	2392
3006	3607	2391
3007	3608	2389
3008	3610	2388
3009	3611	2387
3010	3612	2386
3011	3614	2385
3012	3615	2384
3013	3616	2382
3014	3617	2381
3015	3618	2380
3016	3619	2379
3017	3620	2377
3018	3622	2376
3019	3623	2375
3020	3624	2374
3021	3626	2373
3022	3627	2372
3023	3628	2370
3024	3629	2369
3025	3630	2368
3026	3631	2367
3027	3633	2366
3028	3634	2364
3029	3635	2363
3030	3636	2362
3031	3637	2361
3032	3639	2360
3033	3640	2358
3034	3641	2357
3035	3642	2356
3036	3643	2355
3037	3645	2354
3038	3646	2352
3039	3647	2351
3040	3648	2350
3041	3649	2349
3042	3650	2347
3043	3652	2346
3044	3653	2345
3045	3654	2344
3046	3655	2343
3047	3656	2341
3048	3657	2340
3049	3659	2339
3050	3660	2338
3051	3661	2336
3052	3662	2335
3053	3663	2334
3054	3664	2333
3055	3666	2332
3056	3667	2330
3057	3668	2329
3058	3669	2328
3059	3670	2327
3060	3671	2326
3061	3673	2325
3062	3674	2323
3063	3675	2322
3064	3676	2321
3065	3678	2320
3066	3679	2318
3067	3680	2317
3068	3681	2316
3069	3682	2315
3070	3684	2314
3071	3685	2312
3072	3686	2311
3073	3687	2310
3074	3688	2309
3075	3690	2308
3076	3691	2306
3077	3692	2305
3078	3693	2304
3079	3694	2303
3080	3696	2302
3081	3697	2300
3082	3698	2299
3083	3699	2298
3084	3700	2297
3085	3701	2296
3086	3703	2294
3087	3704	2293
3088	3706	2292
3089	3707	2291
3090	3708	2290
3091	3709	2289
3092	3710	2287
3093	3711	2286
3094	3712	2285
3095	3714	2284
3096	3715	2282
3097	3716	2281
3098	3717	2280
3099	3718	2279
3100	3720	2278
3101	3721	2277
3102	3722	2275
3103	3723	2274
3104	3724	2273
3105	3726	2272
3106	3727	2270
3107	3728	2269
3108	3729	2268
3109	3730	2267
3110	3731	2265
3111	3732	2264
3112	3734	2263
3113	3735	2262
3114	3736	2261
3115	3738	2260
3116	3739	2258
3117	3740	2257
3118	3741	2256
3119	3742	2255
3120	3743	2254
3121	3745	2252
3122	3746	2251
3123	3747	2250
3124	3748	2249
3125	3749	2247
3126	3751	2246
3127	3752	2245
3128	3753	2244
3129	3754	2243
3130	3755	2241
3131	3756	2240
3132	3758	2239
3133	3759	2238
3134	3760	2237
3135	3761	2235
3136	3762	2234
3137	3763	2233
3138	3764	2232
3139	3766	2230
3140	3767	2229
3141	3768	2228
3142	3769	2227
3143	3771	2226
3144	3772	2224
3145	3773	2223
3146	3774	2222
3147	3775	2221
3148	3776	2220
3149	3777	2218
3150	3779	2217
3151	3780	2216
3152	3781	2215
3153	3782	2213
3154	3783	2212
3155	3785	2211
3156	3786	2210
3157	3787	2209
3158	3788	2207
3159	3789	2206
3160	3790	2205
3161	3791	2204
3162	3793	2202
3163	3794	2201
3164	3795	2200
3165	3796	2199
3166	3797	2198
3167	3799	2197
3168	3800	2195
3169	3801	2194
3170	3803	2193
3171	3804	2192
3172	3805	2191
3173	3806	2190
3174	3807	2188
3175	3809	2187
3176	3810	2186
3177	3811	2185
3178	3812	2183
3179	3813	2182
3180	3815	2181
3181	3816	2180
3182	3817	2179
3183	3818	2178
3184	3819	2176
3185	3821	2175
3186	3822	2174
3187	3823	2173
3188	3824	2171
3189	3825	2170
3190	3826	2169
3191	3828	2168
3192	3829	2167
3193	3830	2165
3194	3831	2164
3195	3832	2163
3196	3833	2162
3197	3835	2161
3198	3836	2159
3199	3837	2158
3200	3838	2157
3201	3839	2156
3202	3841	2155
3203	3842	2154
3204	3844	2152
3205	3845	2151
3206	3846	2150
3207	3847	2149
3208	3849	2148
3209	3850	2147
3210	3851	2146
3211	3853	2144
3212	3854	2143
3213	3855	2142
3214	3856	2141
3215	3857	2140
3216	3858	2138
3217	3860	2137
3218	3861	2136
3219	3862	2135
3220	3863	2133
3221	3864	2132
3222	3866	2131
3223	3867	2130
3224	3868	2129
3225	3869	2128
3226	3870	2126
3227	3872	2125
3228	3873	2124
3229	3874	2123
3230	3875	2121
3231	3876	2120
3232	3877	2119
3233	3879	2118
3234	3880	2117
3235	3881	2115
3236	3882	2114
3237	3884	2113
3238	3885	2112
3239	3886	2111
3240	3887	2109
3241	3888	2108
3242	3889	2107
3243	3890	2106
3244	3892	2105
3245	3893	2103
3246	3894	2102
3247	3895	2101
3248	3896	2100
3249	3898	2099
3250	3899	2097
3251	3900	2096
3252	3901	2095
3253	3903	2094
3254	3904	2093
3255	3905	2091
3256	3906	2090
3257	3907	2089
3258	3909	2088
3259	3910	2087
3260	3911	2085
3261	3912	2084
3262	3914	2083
3263	3915	2082
3264	3917	2081
3265	3918	2080
3266	3919	2079
3267	3920	2077
3268	3922	2076
3269	3923	2075
3270	3924	2074
3271	3925	2073
3272	3926	2071
3273	3928	2070
3274	3929	2069
3275	3930	2068
3276	3931	2067
3277	3933	2066
3278	3934	2064
3279	3935	2063
3280	3936	2062
3281	3937	2061
3282	3938	2060
3283	3940	2058
3284	3941	2057
3285	3942	2056
3286	3943	2055
3287	3945	2054
3288	3946	2053
3289	3947	2051
3290	3948	2050
3291	3950	2049
3292	3951	2048
3293	3952	2047
3294	3954	2046
3295	3955	2044
3296	3956	2043
3297	3957	2042
3298	3958	2041
3299	3960	2040
3300	3961	2038
3301	3962	2037
3302	3963	2036
3303	3964	2035
3304	3965	2033
3305	3967	2032
3306	3968	2031
3307	3969	2030
3308	3970	2029
3309	3971	2027
3310	3972	2026
3311	3974	2025
3312	3975	2024
3313	3976	2023
3314	3977	2021
3315	3978	2020
3316	3980	2019
3317	3981	2018
3318	3982	2016
3319	3983	2015
3320	3984	2014
3321	3985	2013
3322	3987	2012
3323	3988	2010
3324	3989	2009
3325	3990	2008
3326	3991	2007
3327	3993	2006
3328	3994	2005
3329	3995	2003
3330	3997	2002
3331	3998	2001
3332	3999	2000
3333	4000	1999
3334	4001	1997
3335	4003	1996
3336	4004	1995
3337	4005	1994
3338	4006	1993
3339	4007	1991
3340	4009	1990
3341	4010	1989
3342	4011	1988
3343	4012	1987
3344	4013	1985
3345	4015	1984
3346	4016	1983
3347	4017	1982
3348	4018	1981
3349	4019	1979
3350	4020	1978
3351	4022	1977
3352	4023	1976
3353	4024	1975
3354	4026	1974
3355	4027	1972
3356	4028	1971
3357	4029	1970
3358	4030	1969
3359	4031	1967
3360	4033	1966
3361	4034	1965
3362	4035	1964
3363	4036	1963
3364	4037	1961
3365	4038	1960
3366	4040	1959
3367	4041	1958
3368	4042	1957
3369	4043	1955
3370	4044	1954
3371	4045	1953
3372	4047	1952
3373	4048	1950
3374	4049	1949
3375	4050	1948
3376	4052	1947
3377	4053	1946
3378	4054	1945
3379	4055	1943
3380	4057	1942
3381	4058	1941
3382	4059	1940
3383	4060	1939
3384	4061	1937
3385	4062	1936
3386	4064	1935
3387	4065	1934
3388	4066	1933
3389	4067	1931
3390	4068	1930
3391	4069	1929
3392	4070	1928
3393	4072	1926
3394	4073	1925
3395	4074	1924
3396	4075	1923
3397	4076	1922
3398	4078	1920
3399	4079	1919
3400	4080	1918
3401	4081	1917
3402	4082	1916
3403	4084	1914
3404	4085	1913
3405	4086	1912
3406	4087	1911
3407	4089	1910
3408	4090	1908
3409	4091	1907
3410	4092	1906
3411	4093	1905
3412	4095	1904
3413	4096	1902
3414	4097	1901
3415	4098	1900
3416	4099	1899
3417	4100	1898
3418	4101	1896
3419	4103	1895
3420	4104	1894
3421	4105	1893
3422	4106	1892
3423	4108	1890
3424	4109	1889
3425	4110	1888
3426	4111	1887
3427	4112	1885
3428	4113	1884
3429	4115	1883
3430	4116	1882
3431	4117	1881
3432	4118	1879
3433	4119	1878
3434	4121	1877
3435	4122	1876
3436	4123	1875
3437	4124	1873
3438	4125	1872
3439	4126	1871
3440	4128	1870
3441	4129	1869
3442	4130	1867
3443	4131	1866
3444	4132	1865
3445	4133	1864
3446	4134	1862
3447	4136	1861
3448	4137	1860
3449	4138	1859
3450	4140	1858
3451	4141	1857
3452	4142	1855
3453	4143	1854
3454	4144	1853
3455	4145	1852
3456	4146	1850
3457	4148	1849
3458	4149	1848
3459	4150	1847
3460	4151	1846
3461	4152	1844
3462	4154	1843
3463	4155	1842
3464	4156	1841
3465	4157	1840
3466	4158	1838
3467	4159	1837
3468	4161	1836
3469	4162	1835
3470	4163	1834
3471	4164	1832
3472	4165	1831
3473	4166	1830
3474	4168	1829
3475	4169	1827
3476	4170	1826
3477	4171	1825
3478	4172	1824
3479	4174	1823
3480	4175	1821
3481	4176	1820
3482	4177	1819
3483	4178	1818
3484	4179	1817
3485	4181	1815
3486	4182	1814
3487	4183	1813
3488	4185	1812
3489	4186	1811
3490	4187	1810
3491	4188	1808
3492	4189	1807
3493	4191	1806
3494	4192	1805
3495	4193	1804
3496	4194	1802
3497	4195	1801
3498	4196	1800
3499	4198	1799
3500	4199	1797
3501	4200	1796
3502	4201	1795
3503	4202	1794
3504	4204	1793
3505	4205	1791
3506	4206	1790
3507	4207	1789
3508	4208	1788
3509	4209	1787
3510	4211	1785
3511	4212	1784
3512	4213	1783
3513	4214	1782
3514	4215	1781
3515	4217	1779
3516	4218	1778
3517	4219	1777
3518	4220	1776
3519	4221	1775
3520	4222	1773
3521	4224	1772
3522	4225	1771
3523	4226	1770
3524	4227	1768
3525	4228	1767
3526	4229	1766
3527	4231	1765
3528	4232	1764
3529	4233	1763
3530	4234	1761
3531	4235	1760
3532	4237	1759
3533	4238	1758
3534	4239	1756
3535	4240	1755
3536	4241	1754
3537	4242	1753
3538	4244	1752
3539	4245	1750
3540	4246	1749
3541	4248	1748
3542	4249	1747
3543	4250	1746
3544	4251	1745
3545	4252	1743
3546	4253	1742
3547	4255	1741
3548	4256	1740
3549	4257	1738
3550	4258	1737
3551	4259	1736
3552	4260	1735
3553	4262	1734
3554	4263	1732
3555	4264	1731
3556	4265	1730
3557	4266	1729
3558	4268	1728
3559	4269	1726
3560	4270	1725
3561	4271	1724
3562	4272	1723
3563	4273	1722
3564	4275	1720
3565	4276	1719
3566	4277	1718
3567	4278	1717
3568	4280	1716
3569	4281	1714
3570	4282	1713
3571	4283	1712
3572	4284	1711
3573	4286	1710
3574	4287	1708
3575	4288	1707
3576	4289	1706
3577	4290	1705
3578	4291	1704
3579	4293	1702
3580	4294	1701
3581	4295	1700
3582	4296	1699
3583	4297	1698
3584	4299	1696
3585	4300	1695
3586	4301	1694
3587	4302	1693
3588	4303	1691
3589	4304	1690
3590	4306	1689
3591	4307	1688
3592	4308	1687
3593	4309	1686
3594	4311	1684
3595	4312	1683
3596	4313	1682
3597	4314	1681
3598	4316	1680
3599	4317	1678
3600	4318	1677
3601	4319	1676
3602	4320	1675
3603	4321	1674
3604	4322	1672
3605	4324	1671
3606	4325	1670
3607	4326	1669
3608	4327	1667
3609	4328	1666
3610	4329	1665
3611	4331	1664
3612	4332	1663
3613	4333	1661
3614	4334	1660
3615	4335	1659
3616	4336	1658
3617	4338	1657
3618	4339	1655
3619	4340	1654
3620	4341	1653
3621	4342	1652
3622	4343	1651
3623	4345	1649
3624	4346	1648
3625	4347	1647
3626	4348	1646
3627	4349	1644
3628	4350	1643
3629	4352	1642
3630	4353	1641
3631	4354	1640
3632	4355	1638
3633	4356	1637
3634	4357	1636
3635	4359	1635
3636	4360	1634
3637	4361	1632
3638	4362	1631
3639	4363	1630
3640	4364	1629
3641	4366	1628
3642	4367	1626
3643	4368	1625
3644	4369	1624
3645	4370	1623
3646	4371	1621
3647	4373	1620
3648	4374	1619
3649	4375	1618
3650	4376	1617
3651	4378	1616
3652	4379	1614
3653	4380	1613
3654	4381	1612
3655	4383	1611
3656	4384	1610
3657	4385	1608
3658	4386	1607
3659	4387	1606
3660	4388	1605
3661	4390	1604
3662	4391	1602
3663	4392	1601
3664	4393	1600
3665	4395	1599
3666	4396	1598
3667	4397	1596
3668	4398	1595
3669	4399	1594
3670	4400	1593
3671	4401	1592
3672	4403	1590
3673	4404	1589
3674	4405	1588
3675	4406	1587
3676	4407	1585
3677	4408	1584
3678	4410	1583
3679	4411	1582
3680	4412	1581
3681	4413	1579
3682	4414	1578
3683	4416	1577
3684	4417	1576
3685	4418	1575
3686	4419	1573
3687	4420	1572
3688	4421	1571
3689	4423	1570
3690	4424	1569
3691	4425	1567
3692	4426	1566
3693	4427	1565
3694	4429	1564
3695	4430	1563
3696	4431	1561
3697	4432	1560
3698	4433	1559
3699	4434	1558
3700	4436	1556
3701	4437	1555
3702	4438	1554
3703	4439	1553
3704	4440	1552
3705	4442	1551
3706	4443	1549
3707	4444	1548
3708	4445	1547
3709	4446	1546
3710	4447	1544
3711	4449	1543
3712	4450	1542
3713	4451	1541
3714	4452	1540
3715	4453	1538
3716	4455	1537
3717	4456	1536
3718	4457	1535
3719	4458	1534
3720	4460	1533
3721	4461	1531
3722	4462	1530
3723	4463	1529
3724	4464	1528
3725	4466	1527
3726	4467	1525
3727	4468	1524
3728	4469	1523
3729	4470	1522
3730	4472	1521
3731	4473	1519
3732	4474	1518
3733	4476	1517
3734	4477	1516
3735	4478	1515
3736	4479	1513
3737	4480	1512
3738	4481	1511
3739	4483	1510
3740	4484	1509
3741	4485	1507
3742	4486	1506
3743	4488	1505
3744	4489	1504
3745	4490	1503
3746	4491	1501
3747	4492	1500
3748	4493	1499
3749	4495	1498
3750	4496	1497
3751	4497	1495
3752	4498	1494
3753	4499	1493
3754	4500	1492
3755	4502	1491
3756	4503	1489
3757	4504	1488
3758	4505	1487
3759	4506	1486
3760	4508	1485
3761	4509	1483
3762	4510	1482
3763	4511	1481
3764	4512	1480
3765	4513	1479
3766	4515	1477
3767	4516	1476
3768	4517	1475
3769	4518	1474
3770	4519	1473
3771	4521	1471
3772	4522	1470
3773	4523	1469
3774	4524	1468
3775	4525	1467
3776	4526	1465
3777	4528	1464
3778	4529	1463
3779	4530	1462
3780	4531	1460
3781	4532	1459
3782	4533	1458
3783	4535	1457
3784	4536	1456
3785	4537	1454
3786	4538	1453
3787	4539	1452
3788	4540	1451
3789	4542	1450
3790	4543	1448
3791	4544	1447
3792	4545	1446
3793	4546	1445
3794	4547	1444
3795	4548	1442
3796	4550	1441
3797	4551	1440
3798	4552	1439
3799	4554	1438
3800	4555	1436
3801	4556	1435
3802	4557	1434
3803	4558	1433
3804	4559	1432
3805	4560	1430
3806	4562	1429
3807	4563	1428
3808	4564	1427
3809	4565	1425
3810	4566	1424
3811	4568	1423
3812	4569	1422
3813	4570	1421
3814	4571	1420
3815	4573	1418
3816	4574	1417
3817	4575	1416
3818	4576	1415
3819	4577	1414
3820	4578	1412
3821	4580	1411
3822	4581	1410
3823	4582	1409
3824	4583	1408
3825	4584	1406
3826	4585	1405
3827	4587	1404
3828	4588	1403
3829	4589	1402
3830	4590	1400
3831	4591	1399
3832	4593	1398
3833	4594	1397
3834	4595	1395
3835	4596	1394
3836	4597	1393
3837	4599	1392
3838	4600	1391
3839	4601	1390
3840	4602	1388
3841	4604	1387
3842	4605	1386
3843	4606	1385
3844	4607	1384
3845	4608	1382
3846	4609	1381
3847	4610	1380
3848	4612	1379
3849	4613	1377
3850	4614	1376
3851	4615	1375
3852	4616	1374
3853	4618	1373
3854	4619	1371
3855	4620	1370
3856	4621	1369
3857	4622	1368
3858	4623	1367
3859	4625	1365
3860	4626	1364
3861	4627	1363
3862	4628	1362
3863	4629	1361
3864	4630	1359
3865	4632	1358
3866	4633	1357
3867	4634	1356
3868	4635	1355
3869	4637	1353
3870	4638	1352
3871	4639	1351
3872	4640	1350
3873	4641	1349
3874	4642	1347
3875	4644	1346
3876	4645	1345
3877	4646	1344
3878	4647	1343
3879	4648	1341
3880	4650	1340
3881	4651	1339
3882	4652	1338
3883	4653	1337
3884	4654	1335
3885	4655	1334
3886	4657	1333
3887	4658	1332
3888	4659	1331
3889	4661	1330
3890	4662	1328
3891	4663	1327
3892	4664	1326
3893	4666	1325
3894	4667	1324
3895	4668	1322
3896	4669	1321
3897	4670	1320
3898	4671	1319
3899	4673	1318
3900	4674	1316
3901	4675	1315
3902	4676	1314
3903	4677	1313
3904	4679	1312
3905	4680	1310
3906	4681	1309
3907	4682	1308
3908	4683	1307
3909	4684	1306
3910	4686	1304
3911	4687	1303
3912	4688	1302
3913	4689	1301
3914	4691	1300
3915	4692	1299
3916	4694	1297
3917	4695	1296
3918	4696	1295
3919	4697	1294
3920	4698	1293
3921	4699	1291
3922	4701	1290
3923	4702	1289
3924	4703	1288
3925	4704	1286
3926	4705	1285
3927	4707	1284
3928	4708	1283
3929	4709	1282
3930	4710	1281
3931	4711	1279
3932	4713	1278
3933	4714	1277
3934	4715	1276
3935	4716	1275
3936	4717	1273
3937	4719	1272
3938	4720	1271
3939	4721	1270
3940	4722	1269
3941	4724	1267
3942	4725	1266
3943	4726	1265
3944	4727	1264
3945	4728	1263
3946	4729	1261
3947	4731	1260
3948	4732	1259
3949	4733	1258
3950	4734	1257
3951	4735	1255
3952	4737	1254
3953	4738	1253
3954	4739	1252
3955	4740	1251
3956	4741	1249
3957	4742	1248
3958	4744	1247
3959	4745	1246
3960	4746	1245
3961	4747	1243
3962	4749	1242
3963	4750	1241
3964	4751	1240
3965	4752	1239
3966	4753	1237
3967	4755	1236
3968	4756	1235
3969	4757	1234
3970	4758	1233
3971	4759	1231
3972	4761	1230
3973	4762	1229
3974	4763	1228
3975	4764	1227
3976	4765	1225
3977	4766	1224
3978	4768	1223
3979	4769	1222
3980	4770	1221
3981	4771	1219
3982	4772	1218
3983	4774	1217
3984	4775	1216
3985	4776	1215
3986	4777	1213
3987	4778	1212
3988	4779	1211
3989	4780	1210
3990	4782	1208
3991	4783	1207
3992	4784	1206
3993	4785	1205
3994	4786	1204
3995	4787	1202
3996	4789	1201
3997	4790	1200
3998	4791	1199
3999	4792	1198
4000	4793	1196
4001	4795	1195
4002	4796	1194
4003	4797	1193
4004	4799	1192
4005	4800	1191
4006	4801	1189
4007	4802	1188
4008	4803	1187
4009	4805	1186
4010	4806	1185
4011	4807	1183
4012	4808	1182
4013	4809	1181
4014	4810	1180
4015	4812	1179
4016	4813	1177
4017	4814	1176
4018	4815	1175
4019	4816	1174
4020	4817	1172
4021	4819	1171
4022	4820	1170
4023	4821	1169
4024	4822	1168
4025	4823	1166
4026	4824	1165
4027	4826	1164
4028	4827	1163
4029	4828	1162
4030	4829	1160
4031	4830	1159
4032	4831	1158
4033	4833	1157
4034	4834	1156
4035	4835	1155
4036	4836	1153
4037	4837	1152
4038	4839	1151
4039	4840	1150
4040	4841	1148
4041	4842	1147
4042	4843	1146
4043	4845	1145
4044	4846	1144
4045	4847	1142
4046	4848	1141
4047	4849	1140
4048	4851	1139
4049	4852	1138
4050	4853	1137
4051	4855	1135
4052	4856	1134
4053	4857	1133
4054	4858	1132
4055	4859	1131
4056	4861	1129
4057	4862	1128
4058	4863	1127
4059	4864	1126
4060	4865	1125
4061	4867	1123
4062	4868	1122
4063	4869	1121
4064	4870	1120
4065	4871	1119
4066	4872	1117
4067	4874	1116
4068	4875	1115
4069	4876	1114
4070	4877	1113
4071	4878	1111
4072	4880	1110
4073	4881	1109
4074	4882	1108
4075	4883	1107
4076	4884	1105
4077	4886	1104
4078	4887	1103
4079	4888	1102
4080	4889	1101
4081	4890	1099
4082	4892	1098
4083	4893	1097
4084	4894	1096
4085	4895	1095
4086	4896	1093
4087	4898	1092
4088	4899	1091
4089	4900	1090
4090	4901	1089
4091	4902	1087
4092	4904	1086
4093	4905	1085
4094	4906	1084
4095	4907	1083
4096	4908	1081
4097	4909	1080
4098	4911	1079
4099	4912	1078
4100	4913	1077
4101	4914	1075
4102	4915	1074
4103	4917	1073
4104	4918	1072
4105	4919	1071
4106	4920	1069
4107	4921	1068
4108	4922	1067
4109	4923	1066
4110	4925	1065
4111	4926	1063
4112	4927	1062
4113	4928	1061
4114	4929	1060
4115	4930	1058
4116	4931	1057
4117	4933	1056
4118	4934	1055
4119	4935	1054
4120	4936	1052
4121	4937	1051
4122	4938	1050
4123	4939	1049
4124	4941	1048
4125	4942	1046
4126	4943	1045
4127	4944	1044
4128	4945	1043
4129	4947	1042
4130	4948	1040
4131	4949	1039
4132	4950	1038
4133	4951	1037
4134	4952	1036
4135	4954	1034
4136	4955	1033
4137	4956	1032
4138	4957	1031
4139	4958	1030
4140	4959	1028
4141	4960	1027
4142	4962	1026
4143	4963	1025
4144	4964	1024
4145	4966	1022
4146	4967	1021
4147	4968	1020
4148	4969	1019
4149	4970	1018
4150	4972	1016
4151	4973	1015
4152	4974	1014
4153	4975	1013
4154	4976	1012
4155	4977	1010
4156	4979	1009
4157	4980	1008
4158	4981	1007
4159	4982	1006
4160	4983	1004
4161	4984	1003
4162	4986	1002
4163	4987	1001
4164	4988	1000
4165	4989	998
4166	4990	997
4167	4991	996
4168	4992	995
4169	4994	994
4170	4995	992
4171	4996	991
4172	4997	990
4173	4999	989
4174	5000	988
4175	5001	986
4176	5002	985
4177	5003	984
4178	5004	983
4179	5006	982
4180	5007	980
4181	5008	979
4182	5009	978
4183	5010	977
4184	5012	976
4185	5013	974
4186	5014	973
4187	5015	972
4188	5016	971
4189	5018	970
4190	5019	968
4191	5020	967
4192	5021	966
4193	5022	965
4194	5023	964
4195	5024	962
4196	5026	961
4197	5027	960
4198	5028	959
4199	5029	958
4200	5030	956
4201	5031	955
4202	5033	954
4203	5034	953
4204	5035	952
4205	5036	950
4206	5037	949
4207	5038	948
4208	5040	947
4209	5041	945
4210	5042	944
4211	5043	943
4212	5044	942
4213	5045	941
4214	5047	939
4215	5048	938
4216	5049	937
4217	5050	936
4218	5051	935
4219	5052	933
4220	5054	932
4221	5055	931
4222	5056	930
4223	5057	929
4224	5059	928
4225	5060	926
4226	5061	925
4227	5062	924
4228	5064	923
4229	5065	922
4230	5066	920
4231	5067	919
4232	5068	918
4233	5069	917
4234	5071	916
4235	5072	914
4236	5073	913
4237	5074	912
4238	5076	911
4239	5077	910
4240	5078	908
4241	5079	907
4242	5081	906
4243	5082	905
4244	5083	904
4245	5084	902
4246	5086	901
4247	5087	900
4248	5088	899
4249	5089	898
4250	5091	897
4251	5092	895
4252	5093	894
4253	5094	893
4254	5095	892
4255	5097	891
4256	5098	889
4257	5099	888
4258	5100	887
4259	5101	886
4260	5102	885
4261	5103	883
4262	5105	882
4263	5106	881
4264	5107	880
4265	5109	879
4266	5110	877
4267	5111	876
4268	5112	875
4269	5113	874
4270	5114	873
4271	5116	871
4272	5117	870
4273	5118	869
4274	5119	868
4275	5120	867
4276	5122	865
4277	5123	864
4278	5124	863
4279	5125	862
4280	5126	861
4281	5127	859
4282	5129	858
4283	5130	857
4284	5131	856
4285	5132	855
4286	5133	853
4287	5134	852
4288	5136	851
4289	5137	850
4290	5138	849
4291	5139	847
4292	5141	846
4293	5142	845
4294	5143	844
4295	5144	843
4296	5145	841
4297	5146	840
4298	5148	839
4299	5149	838
4300	5150	837
4301	5151	835
4302	5152	834
4303	5153	833
4304	5155	832
4305	5156	831
4306	5157	829
4307	5158	828
4308	5160	827
4309	5161	826
4310	5162	825
4311	5163	823
4312	5164	822
4313	5165	821
4314	5166	820
4315	5168	819
4316	5169	817
4317	5170	816
4318	5171	815
4319	5172	814
4320	5174	813
4321	5175	811
4322	5176	810
4323	5177	809
4324	5178	808
4325	5179	807
4326	5180	805
4327	5181	804
4328	5183	803
4329	5184	802
4330	5185	801
4331	5186	799
4332	5187	798
4333	5189	797
4334	5190	796
4335	5191	794
4336	5192	793
4337	5193	792
4338	5194	791
4339	5195	790
4340	5197	788
4341	5198	787
4342	5199	786
4343	5200	785
4344	5201	784
4345	5203	783
4346	5204	781
4347	5205	780
4348	5206	779
4349	5207	778
4350	5209	776
4351	5210	775
4352	5211	774
4353	5212	773
4354	5213	772
4355	5215	771
4356	5216	769
4357	5217	768
4358	5218	767
4359	5219	766
4360	5221	765
4361	5222	763
4362	5223	762
4363	5224	761
4364	5225	760
4365	5226	759
4366	5227	757
4367	5229	756
4368	5230	755
4369	5231	754
4370	5232	752
4371	5234	751
4372	5235	750
4373	5236	749
4374	5237	748
4375	5238	747
4376	5239	745
4377	5240	744
4378	5241	743
4379	5243	742
4380	5244	740
4381	5245	739
4382	5246	738
4383	5247	737
4384	5249	736
4385	5250	735
4386	5251	733
4387	5253	732
4388	5254	731
4389	5255	730
4390	5256	729
4391	5257	727
4392	5258	726
4393	5260	725
4394	5261	724
4395	5262	723
4396	5263	721
4397	5265	720
4398	5266	719
4399	5267	718
4400	5268	717
4401	5269	715
4402	5271	714
4403	5272	713
4404	5273	712
4405	5274	711
4406	5275	709
4407	5276	708
4408	5278	707
4409	5279	706
4410	5280	705
4411	5281	703
4412	5282	702
4413	5284	701
4414	5285	700
4415	5286	699
4416	5287	697
4417	5288	696
4418	5290	695
4419	5291	694
4420	5292	693
4421	5293	691
4422	5294	690
4423	5295	689
4424	5296	688
4425	5298	687
4426	5299	685
4427	5300	684
4428	5302	683
4429	5303	682
4430	5304	681
4431	5305	679
4432	5306	678
4433	5307	677
4434	5309	676
4435	5310	675
4436	5311	673
4437	5312	672
4438	5313	671
4439	5315	670
4440	5316	669
4441	5317	667
4442	5318	666
4443	5319	665
4444	5320	664
4445	5322	663
4446	5323	661
4447	5324	660
4448	5325	659
4449	5326	658
4450	5327	657
4451	5329	655
4452	5330	654
4453	5331	653
4454	5332	652
4455	5334	651
4456	5335	649
4457	5336	648
4458	5337	647
4459	5338	646
4460	5339	645
4461	5340	643
4462	5342	642
4463	5343	641
4464	5344	640
4465	5346	639
4466	5347	638
4467	5348	636
4468	5350	635
4469	5351	634
4470	5352	633
4471	5353	632
4472	5354	630
4473	5355	629
4474	5356	628
4475	5358	627
4476	5359	626
4477	5360	624
4478	5361	623
4479	5363	622
4480	5364	621
4481	5365	620
4482	5366	618
4483	5367	617
4484	5369	616
4485	5370	615
4486	5371	614
4487	5372	612
4488	5373	611
4489	5374	610
4490	5375	609
4491	5377	608
4492	5378	606
4493	5379	605
4494	5380	604
4495	5381	603
4496	5383	602
4497	5384	600
4498	5385	599
4499	5386	598
4500	5387	597
4501	5388	596
4502	5389	594
4503	5391	593
4504	5392	592
4505	5393	591
4506	5394	590
4507	5396	588
4508	5397	587
4509	5398	586
4510	5399	585
4511	5401	584
4512	5402	582
4513	5403	581
4514	5404	580
4515	5405	579
4516	5407	578
4517	5408	576
4518	5409	575
4519	5410	574
4520	5412	573
4521	5413	572
4522	5414	571
4523	5415	569
4524	5416	568
4525	5417	567
4526	5419	566
4527	5420	565
4528	5421	563
4529	5422	562
4530	5423	561
4531	5425	560
4532	5426	559
4533	5427	557
4534	5428	556
4535	5430	555
4536	5431	554
4537	5432	553
4538	5433	551
4539	5434	550
4540	5436	549
4541	5437	548
4542	5438	547
4543	5439	545
4544	5440	544
4545	5442	543
4546	5443	542
4547	5444	541
4548	5445	539
4549	5447	538
4550	5448	537
4551	5449	536
4552	5450	535
4553	5451	533
4554	5452	532
4555	5454	531
4556	5455	530
4557	5456	529
4558	5457	527
4559	5458	526
4560	5460	525
4561	5461	524
4562	5462	523
4563	5463	521
4564	5464	520
4565	5466	519
4566	5467	518
4567	5468	517
4568	5469	515
4569	5470	514
4570	5472	513
4571	5473	512
4572	5474	511
4573	5475	509
4574	5477	508
4575	5478	507
4576	5479	506
4577	5480	505
4578	5481	504
4579	5483	502
4580	5484	501
4581	5485	500
4582	5486	499
4583	5487	498
4584	5489	496
4585	5490	495
4586	5491	494
4587	5492	493
4588	5493	492
4589	5494	490
4590	5495	489
4591	5497	488
4592	5498	487
4593	5499	486
4594	5500	484
4595	5501	483
4596	5502	482
4597	5504	481
4598	5505	480
4599	5506	478
4600	5507	477
4601	5509	476
4602	5510	475
4603	5511	474
4604	5512	472
4605	5513	471
4606	5514	470
4607	5516	469
4608	5517	468
4609	5518	466
4610	5519	465
4611	5520	464
4612	5521	463
4613	5523	462
4614	5524	460
4615	5525	459
4616	5526	458
4617	5527	457
4618	5528	456
4619	5529	454
4620	5530	453
4621	5532	452
4622	5533	451
4623	5534	450
4624	5535	448
4625	5536	447
4626	5538	446
4627	5539	445
4628	5540	444
4629	5541	442
4630	5543	441
4631	5544	440
4632	5545	439
4633	5546	438
4634	5547	436
4635	5548	435
4636	5549	434
4637	5551	433
4638	5552	432
4639	5553	430
4640	5554	429
4641	5556	428
4642	5557	427
4643	5558	426
4644	5559	424
4645	5560	423
4646	5561	422
4647	5562	421
4648	5564	420
4649	5565	418
4650	5566	417
4651	5567	416
4652	5569	415
4653	5570	414
4654	5571	412
4655	5572	411
4656	5573	410
4657	5574	409
4658	5576	408
4659	5577	406
4660	5578	405
4661	5579	404
4662	5580	403
4663	5582	402
4664	5583	400
4665	5584	399
4666	5585	398
4667	5586	397
4668	5588	396
4669	5589	394
4670	5590	393
4671	5591	392
4672	5592	391
4673	5593	390
4674	5595	388
4675	5596	387
4676	5597	386
4677	5598	385
4678	5599	384
4679	5601	382
4680	5602	381
4681	5603	380
4682	5604	379
4683	5605	378
4684	5607	376
4685	5608	375
4686	5609	374
4687	5610	373
4688	5611	372
4689	5612	370
4690	5614	369
4691	5615	368
4692	5616	367
4693	5617	366
4694	5618	365
4695	5620	363
4696	5621	362
4697	5622	361
4698	5623	360
4699	5624	359
4700	5626	357
4701	5627	356
4702	5628	355
4703	5629	354
4704	5630	353
4705	5631	351
4706	5633	350
4707	5634	349
4708	5635	348
4709	5637	347
4710	5638	345
4711	5639	344
4712	5640	343
4713	5641	342
4714	5642	341
4715	5644	339
4716	5645	338
4717	5646	337
4718	5647	336
4719	5649	335
4720	5650	333
4721	5651	332
4722	5652	331
4723	5653	330
4724	5654	329
4725	5655	327
4726	5657	326
4727	5658	325
4728	5659	324
4729	5660	323
4730	5662	321
4731	5663	320
4732	5664	319
4733	5665	318
4734	5667	317
4735	5668	315
4736	5669	314
4737	5670	313
4738	5671	312
4739	5672	311
4740	5673	309
4741	5675	308
4742	5676	307
4743	5677	306
4744	5678	305
4745	5679	303
4746	5681	302
4747	5682	301
4748	5683	300
4749	5684	299
4750	5685	297
4751	5686	296
4752	5687	295
4753	5689	294
4754	5690	293
4755	5691	291
4756	5692	290
4757	5693	289
4758	5694	288
4759	5696	287
4760	5697	286
4761	5698	284
4762	5699	283
4763	5701	282
4764	5702	281
4765	5703	280
4766	5704	278
4767	5705	277
4768	5707	276
4769	5708	275
4770	5709	274
4771	5710	272
4772	5712	271
4773	5713	270
4774	5714	269
4775	5715	268
4776	5716	266
4777	5717	265
4778	5719	264
4779	5720	263
4780	5721	262
4781	5722	260
4782	5723	259
4783	5725	258
4784	5726	257
4785	5727	256
4786	5728	254
4787	5730	253
4788	5731	252
4789	5732	251
4790	5733	250
4791	5734	248
4792	5735	247
4793	5737	246
4794	5738	245
4795	5739	244
4796	5740	242
4797	5741	241
4798	5742	240
4799	5744	239
4800	5745	238
4801	5746	236
4802	5747	235
4803	5749	234
4804	5750	233
4805	5751	232
4806	5753	230
4807	5754	229
4808	5755	228
4809	5756	227
4810	5757	226
4811	5758	224
4812	5760	223
4813	5761	222
4814	5762	221
4815	5763	220
4816	5764	219
4817	5766	217
4818	5767	216
4819	5768	215
4820	5769	214
4821	5771	213
4822	5772	211
4823	5773	210
4824	5774	209
4825	5775	208
4826	5777	207
4827	5778	205
4828	5779	204
4829	5780	203
4830	5781	202
4831	5783	201
4832	5784	199
4833	5785	198
4834	5786	197
4835	5787	196
4836	5789	195
4837	5790	193
4838	5791	192
4839	5792	191
4840	5793	190
4841	5795	189
4842	5796	187
4843	5797	186
4844	5798	185
4845	5799	184
4846	5800	183
4847	5802	181
4848	5803	180
4849	5804	179
4850	5805	178
4851	5806	177
4852	5807	175
4853	5809	174
4854	5810	173
4855	5811	172
4856	5812	171
4857	5813	169
4858	5815	168
4859	5816	167
4860	5817	166
4861	5818	165
4862	5819	163
4863	5820	162
4864	5822	161
4865	5823	160
4866	5824	159
4867	5825	157
4868	5827	156
4869	5828	155
4870	5829	154
4871	5830	153
4872	5831	151
4873	5832	150
4874	5834	149
4875	5835	148
4876	5836	147
4877	5837	145
4878	5838	144
4879	5839	143
4880	5841	142
4881	5842	141
4882	5843	140
4883	5844	138
4884	5846	137
4885	5847	136
4886	5848	135
4887	5849	134
4888	5850	132
4889	5851	131
4890	5853	130
4891	5854	129
4892	5855	128
4893	5857	126
4894	5858	125
4895	5859	124
4896	5861	123
4897	5862	122
4898	5863	120
4899	5865	119
4900	5866	118
4901	5867	117
4902	5868	116
4903	5869	114
4904	5871	113
4905	5872	112
4906	5873	111
4907	5874	110
4908	5875	108
4909	5877	107
4910	5878	106
4911	5879	105
4912	5880	104
4913	5881	102
4914	5882	101
4915	5884	100
4916	5885	99
4917	5886	98
4918	5887	96
4919	5889	95
4920	5890	94
4921	5891	93
4922	5892	92
4923	5893	90
4924	5895	89
4925	5896	88
4926	5897	87
4927	5898	86
4928	5899	84
4929	5900	83
4930	5902	82
4931	5903	81
4932	5904	80
4933	5905	78
4934	5906	77
4935	5908	76
4936	5909	75
4937	5910	74
4938	5911	73
4939	5912	71
4940	5913	70
4941	5914	69
4942	5916	68
4943	5917	67
4944	5918	65
4945	5919	64
4946	5921	63
4947	5922	62
4948	5923	61
4949	5924	59
4950	5925	58
4951	5926	57
4952	5928	56
4953	5929	55
4954	5930	53
4955	5931	52
4956	5933	51
4957	5934	50
4958	5936	49
4959	5937	47
4960	5938	46
4961	5939	45
4962	5940	44
4963	5941	43
4964	5943	41
4965	5944	40
4966	5945	39
4967	5946	38
4968	5948	37
4969	5949	35
4970	5950	34
4971	5951	33
4972	5953	32
4973	5954	31
4974	5955	29
4975	5956	28
4976	5957	27
4977	5959	26
4978	5960	25
4979	5961	23
4980	5962	22
4981	5963	21
4982	5965	20
4983	5966	19
4984	5967	17
4985	5968	16
4986	5969	15
4987	5970	14
4988	5972	13
4989	5973	11
4990	5974	10
4991	5975	9
4992	5976	8
4993	5977	7
4994	5979	5
4995	5980	4
4996	5981	3
4997	5982	2
4998	5983	1
4999	5985	0
